796.418,796.496,796.574,796.652,796.730,796.808,796.886,796.964,797.042,797.120,797.198,797.276,797.354,797.432,797.510,797.588,797.666,797.744,797.822,797.900,797.978,798.056,798.134,798.212,798.290,798.367,798.445,798.523,798.601,798.679,798.757,798.835,798.913,798.991,799.069,799.147,799.225,799.303,799.381,799.459,799.536,799.614,799.692,799.770,799.848,799.926,800.004,800.082,800.160,800.238,800.315,800.393,800.471,800.549,800.627,800.705,800.783,800.860,800.938,801.016,801.094,801.172,801.250,801.328,801.405,801.483,801.561,801.639,801.717,801.795,801.872,801.950,802.028,802.106,802.184,802.261,802.339,802.417,802.495,802.573,802.650,802.728,802.806,802.884,802.961,803.039,803.117,803.195,803.273,803.350,803.428,803.506,803.583,803.661,803.739,803.817,803.894,803.972,804.050,804.128,804.205,804.283,804.361,804.439,804.516,804.594,804.672,804.749,804.827,804.905,804.982,805.060,805.138,805.215,805.293,805.371,805.448,805.526,805.604,805.682,805.759,805.837,805.914,805.992,806.070,806.147,806.225,806.303,806.380,806.458,806.536,806.613,806.691,806.768,806.846,806.924,807.001,807.079,807.156,807.234,807.312,807.389,807.467,807.544,807.622,807.700,807.777,807.855,807.932,808.010,808.087,808.165,808.243,808.320,808.398,808.475,808.553,808.630,808.708,808.785,808.863,808.940,809.018,809.095,809.173,809.250,809.328,809.406,809.483,809.561,809.638,809.716,809.793,809.871,809.948,810.026,810.103,810.180,810.258,810.335,810.413,810.490,810.568,810.645,810.723,810.800,810.878,810.955,811.033,811.110,811.187,811.265,811.342,811.420,811.497,811.575,811.652,811.729,811.807,811.884,811.962,812.039,812.116,812.194,812.271,812.349,812.426,812.503,812.581,812.658,812.735,812.813,812.890,812.968,813.045,813.122,813.200,813.277,813.354,813.432,813.509,813.586,813.664,813.741,813.818,813.896,813.973,814.050,814.128,814.205,814.282,814.360,814.437,814.514,814.591,814.669,814.746,814.823,814.901,814.978,815.055,815.133,815.210,815.287,815.364,815.442,815.519,815.596,815.673,815.751,815.828,815.905,815.982,816.060,816.137,816.214,816.291,816.368,816.446,816.523,816.600,816.677,816.755,816.832,816.909,816.986,817.063,817.141,817.218,817.295,817.372,817.449,817.526,817.604,817.681,817.758,817.835,817.912,817.990,818.067,818.144,818.221,818.298,818.375,818.452,818.530,818.607,818.684,818.761,818.838,818.915,818.992,819.069,819.146,819.224,819.301,819.378,819.455,819.532,819.609,819.686,819.763,819.840,819.917,819.995,820.072,820.149,820.226,820.303,820.380,820.457,820.534,820.611,820.688,820.765,820.842,820.919,820.996,821.073,821.150,821.227,821.304,821.381,821.458,821.535,821.612,821.689,821.766,821.843,821.920,821.997,822.074,822.151,822.228,822.305,822.382,822.459,822.536,822.613,822.690,822.767,822.844,822.921,822.998,823.075,823.152,823.229,823.306,823.383,823.460,823.537,823.614,823.691,823.767,823.844,823.921,823.998,824.075,824.152,824.229,824.306,824.383,824.460,824.536,824.613,824.690,824.767,824.844,824.921,824.998,825.075,825.151,825.228,825.305,825.382,825.459,825.536,825.613,825.690,825.766,825.843,825.920,825.997,826.074,826.150,826.227,826.304,826.381,826.458,826.535,826.611,826.688,826.765,826.842,826.919,826.995,827.072,827.149,827.226,827.302,827.379,827.456,827.533,827.610,827.686,827.763,827.840,827.917,827.993,828.070,828.147,828.224,828.300,828.377,828.454,828.530,828.607,828.684,828.761,828.837,828.914,828.991,829.067,829.144,829.221,829.298,829.374,829.451,829.528,829.604,829.681,829.758,829.834,829.911,829.988,830.064,830.141,830.218,830.294,830.371,830.448,830.524,830.601,830.678,830.754,830.831,830.907,830.984,831.061,831.137,831.214,831.291,831.367,831.444,831.520,831.597,831.674,831.750,831.827,831.903,831.980,832.056,832.133,832.210,832.286,832.363,832.439,832.516,832.592,832.669,832.746,832.822,832.899,832.975,833.052,833.128,833.205,833.281,833.358,833.434,833.511,833.587,833.664,833.740,833.817,833.893,833.970,834.047,834.123,834.199,834.276,834.352,834.429,834.505,834.582,834.658,834.735,834.811,834.888,834.964,835.041,835.117,835.194,835.270,835.346,835.423,835.499,835.576,835.652,835.729,835.805,835.882,835.958,836.034,836.111,836.187,836.264,836.340,836.416,836.493,836.569,836.646,836.722,836.798,836.875,836.951,837.027,837.104,837.180,837.257,837.333,837.409,837.486,837.562,837.638,837.715,837.791,837.867,837.944,838.020,838.096,838.173,838.249,838.325,838.402,838.478,838.554,838.631,838.707,838.783,838.860,838.936,839.012,839.088,839.165,839.241,839.317,839.394,839.470,839.546,839.622,839.699,839.775,839.851,839.927,840.004,840.080,840.156,840.232,840.309,840.385,840.461,840.537,840.614,840.690,840.766,840.842,840.918,840.995,841.071,841.147,841.223,841.299,841.376,841.452,841.528,841.604,841.680,841.757,841.833,841.909,841.985,842.061,842.138,842.214,842.290,842.366,842.442,842.518,842.594,842.671,842.747,842.823,842.899,842.975,843.051,843.127,843.203,843.280,843.356,843.432,843.508,843.584,843.660,843.736,843.812,843.888,843.964,844.041,844.117,844.193,844.269,844.345,844.421,844.497,844.573,844.649,844.725,844.801,844.877,844.953,845.029,845.105,845.181,845.258,845.334,845.410,845.486,845.562,845.638,845.714,845.790,845.866,845.942,846.018,846.094,846.170,846.246,846.322,846.398,846.474,846.550,846.626,846.702,846.778,846.854,846.930,847.005,847.081,847.157,847.233,847.309,847.385,847.461,847.537,847.613,847.689,847.765,847.841,847.917,847.993,848.069,848.144,848.220,848.296,848.372,848.448,848.524,848.600,848.676,848.752,848.828,848.904,848.979,849.055,849.131,849.207,849.283,849.359,849.435,849.510,849.586,849.662,849.738,849.814,849.890,849.966,850.041,850.117,850.193,850.269,850.345,850.420,850.496,850.572,850.648,850.724,850.799,850.875,850.951,851.027,851.103,851.179,851.254,851.330,851.406,851.482,851.557,851.633,851.709,851.785,851.860,851.936,852.012,852.088,852.163,852.239,852.315,852.391,852.466,852.542,852.618,852.694,852.769,852.845,852.921,852.996,853.072,853.148,853.224,853.299,853.375,853.451,853.526,853.602,853.678,853.753,853.829,853.905,853.980,854.056,854.132,854.207,854.283,854.359,854.434,854.510,854.586,854.661,854.737,854.813,854.888,854.964,855.040,855.115,855.191,855.266,855.342,855.418,855.493,855.569,855.644,855.720,855.796,855.871,855.947,856.022,856.098,856.174,856.249,856.325,856.400,856.476,856.551,856.627,856.703,856.778,856.854,856.929,857.005,857.080,857.156,857.231,857.307,857.382,857.458,857.533,857.609,857.685,857.760,857.836,857.911,857.987,858.062,858.138,858.213,858.289,858.364,858.440,858.515,858.590,858.666,858.741,858.817,858.892,858.968,859.043,859.119,859.194,859.270,859.345,859.421,859.496,859.571,859.647,859.722,859.798,859.873,859.949,860.024,860.099,860.175,860.250,860.326,860.401,860.476,860.552,860.627,860.703,860.778,860.853,860.929,861.004,861.079,861.155,861.230,861.306,861.381,861.456,861.532,861.607,861.682,861.758,861.833,861.908,861.984,862.059,862.134,862.210,862.285,862.360,862.436,862.511,862.586,862.662,862.737,862.812,862.888,862.963,863.038,863.113,863.189,863.264,863.339,863.415,863.490,863.565,863.640,863.716,863.791,863.866,863.941,864.017,864.092,864.167,864.242,864.318,864.393,864.468,864.543,864.619,864.694,864.769,864.844,864.919,864.995,865.070,865.145,865.220,865.295,865.371,865.446,865.521,865.596,865.671,865.747,865.822,865.897,865.972,866.047,866.122,866.198,866.273,866.348,866.423,866.498,866.573,866.648,866.724,866.799,866.874,866.949,867.024,867.099,867.174,867.249,867.325,867.400,867.475,867.550,867.625,867.700,867.775,867.850,867.925,868.000,868.076,868.151,868.226,868.301,868.376,868.451,868.526,868.601,868.676,868.751,868.826,868.901,868.976,869.051,869.126,869.201,869.276,869.351,869.426,869.501,869.576,869.651,869.727,869.802,869.877,869.952,870.027,870.102,870.177,870.252,870.326,870.401,870.476,870.551,870.626,870.701,870.776,870.851,870.926,871.001,871.076,871.151,871.226,871.301,871.376,871.451,871.526,871.601,871.676,871.751,871.826,871.900,871.975,872.050,872.125,872.200,872.275,872.350,872.425,872.500,872.575,872.649,872.724,872.799,872.874,872.949,873.024,873.099,873.174,873.248,873.323,873.398,873.473,873.548,873.623,873.698,873.772,873.847,873.922,873.997,874.072,874.147,874.221,874.296,874.371,874.446,874.521,874.596,874.670,874.745,874.820,874.895,874.969,875.044,875.119,875.194,875.269,875.343,875.418,875.493,875.568,875.642,875.717,875.792,875.867,875.941,876.016,876.091,876.166,876.240,876.315,876.390,876.465,876.539,876.614,876.689,876.763,876.838,876.913,876.988,877.062,877.137,877.212,877.286,877.361,877.436,877.510,877.585,877.660,877.734,877.809,877.884,877.958,878.033,878.108,878.182,878.257,878.332,878.406,878.481,878.556,878.630,878.705,878.780,878.854,878.929,879.003,879.078,879.153,879.227,879.302,879.377,879.451,879.526,879.600,879.675,879.750,879.824,879.899,879.973,880.048,880.122,880.197,880.272,880.346,880.421,880.495,880.570,880.644,880.719,880.793,880.868,880.943,881.017,881.092,881.166,881.241,881.315,881.390,881.464,881.539,881.613,881.688,881.762,881.837,881.911,881.986,882.060,882.135,882.209,882.284,882.358,882.433,882.507,882.581,882.656,882.730,882.805,882.879,882.954,883.028,883.103,883.177,883.252,883.326,883.400,883.475,883.549,883.624,883.698,883.773,883.847,883.921,883.996,884.070,884.145,884.219,884.293,884.368,884.442,884.517,884.591,884.665,884.740,884.814,884.888,884.963,885.037,885.112,885.186,885.260,885.335,885.409,885.483,885.558,885.632,885.706,885.781,885.855,885.929,886.004,886.078,886.152,886.227,886.301,886.375,886.450,886.524,886.598,886.672,886.747,886.821,886.895,886.970,887.044,887.118,887.192,887.267,887.341,887.415,887.489,887.564,887.638,887.712,887.786,887.861,887.935,888.009,888.083,888.158,888.232,888.306,888.380,888.455,888.529,888.603,888.677,888.751,888.826,888.900,888.974,889.048,889.122,889.197,889.271,889.345,889.419,889.493,889.567,889.642,889.716,889.790,889.864,889.938,890.012,890.087,890.161,890.235,890.309,890.383,890.457,890.531,890.605,890.680,890.754,890.828,890.902,890.976,891.050,891.124,891.198,891.272,891.347,891.421,891.495,891.569,891.643,891.717,891.791,891.865,891.939,892.013,892.087,892.161,892.235,892.310,892.384,892.458,892.532,892.606,892.680,892.754,892.828,892.902,892.976,893.050,893.124,893.198,893.272,893.346,893.420,893.494,893.568,893.642,893.716,893.790,893.864,893.938,894.012,894.086,894.160,894.234,894.308,894.382,894.456,894.530,894.604,894.678,894.752,894.826,894.899,894.973,895.047,895.121,895.195,895.269,895.343,895.417,895.491,895.565,895.639,895.713,895.787,895.860,895.934,896.008,896.082,896.156,896.230,896.304,896.378,896.452,896.525,896.599,896.673,896.747,896.821,896.895,896.969,897.042,897.116,897.190,897.264,897.338,897.412,897.485,897.559,897.633,897.707,897.781,897.855,897.928,898.002,898.076,898.150,898.224,898.297,898.371,898.445,898.519,898.593,898.666,898.740,898.814,898.888,898.961,899.035,899.109,899.183,899.257,899.330,899.404,899.478,899.552,899.625,899.699,899.773,899.846,899.920,899.994,900.068,900.141,900.215,900.289,900.363,900.436,900.510,900.584,900.657,900.731,900.805,900.878,900.952,901.026,901.099,901.173,901.247,901.320,901.394,901.468,901.542,901.615,901.689,901.762,901.836,901.910,901.983,902.057,902.131,902.204,902.278,902.352,902.425,902.499,902.572,902.646,902.720,902.793,902.867,902.940,903.014,903.088,903.161,903.235,903.308,903.382,903.456,903.529,903.603,903.676,903.750,903.823,903.897,903.970,904.044,904.118,904.191,904.265,904.338,904.412,904.485,904.559,904.632,904.706,904.779,904.853,904.926,905.000,905.073,905.147,905.220,905.294,905.367,905.441,905.514,905.588,905.661,905.735,905.808,905.882,905.955,906.029,906.102,906.176,906.249,906.323,906.396,906.469,906.543,906.616,906.690,906.763,906.837,906.910,906.984,907.057,907.130,907.204,907.277,907.351,907.424,907.497,907.571,907.644,907.718,907.791,907.864,907.938,908.011,908.085,908.158,908.231,908.305,908.378,908.451,908.525,908.598,908.671,908.745,908.818,908.891,908.965,909.038,909.112,909.185,909.258,909.331,909.405,909.478,909.551,909.625,909.698,909.771,909.845,909.918,909.991,910.065,910.138,910.211,910.284,910.358,910.431,910.504,910.578,910.651,910.724,910.797,910.871,910.944,911.017,911.090,911.164,911.237,911.310,911.383,911.457,911.530,911.603,911.676,911.749,911.823,911.896,911.969,912.042,912.115,912.189,912.262,912.335,912.408,912.481,912.555,912.628,912.701,912.774,912.847,912.921,912.994,913.067,913.140,913.213,913.286,913.359,913.433,913.506,913.579,913.652,913.725,913.798,913.871,913.945,914.018,914.091,914.164,914.237,914.310,914.383,914.456,914.529,914.603,914.676,914.749,914.822,914.895,914.968,915.041,915.114,915.187,915.260,915.333,915.406,915.479,915.553,915.626,915.699,915.772,915.845,915.918,915.991,916.064,916.137,916.210,916.283,916.356,916.429,916.502,916.575,916.648,916.721,916.794,916.867,916.940,917.013,917.086,917.159,917.232,917.305,917.378,917.451,917.524,917.597,917.670,917.743,917.816,917.889,917.962,918.035,918.108,918.180,918.253,918.326,918.399,918.472,918.545,918.618,918.691,918.764,918.837,918.910,918.983,919.056,919.128,919.201,919.274,919.347,919.420,919.493,919.566,919.639,919.712,919.784,919.857,919.930,920.003,920.076,920.149,920.222,920.294,920.367,920.440,920.513,920.586,920.659,920.732,920.804,920.877,920.950,921.023,921.096,921.168,921.241,921.314,921.387,921.460,921.532,921.605,921.678,921.751,921.824,921.896,921.969,922.042,922.115,922.187,922.260,922.333,922.406,922.479,922.551,922.624,922.697,922.769,922.842,922.915,922.988,923.060,923.133,923.206,923.279,923.351,923.424,923.497,923.569,923.642,923.715,923.788,923.860,923.933,924.006,924.078,924.151,924.224,924.296,924.369,924.442,924.514,924.587,924.660,924.732,924.805,924.878,924.950,925.023,925.096,925.168,925.241,925.314,925.386,925.459,925.531,925.604,925.677,925.749,925.822,925.894,925.967,926.040,926.112,926.185,926.258,926.330,926.403,926.475,926.548,926.620,926.693,926.766,926.838,926.911,926.983,927.056,927.128,927.201,927.273,927.346,927.419,927.491,927.564,927.636,927.709,927.781,927.854,927.926,927.999,928.071,928.144,928.216,928.289,928.361,928.434,928.506,928.579,928.651,928.724,928.796,928.869,928.941,929.014,929.086,929.159,929.231,929.303,929.376,929.448,929.521,929.593,929.666,929.738,929.811,929.883,929.956,930.028,930.100,930.173,930.245,930.318,930.390,930.462,930.535,930.607,930.680,930.752,930.824,930.897,930.969,931.042,931.114,931.186,931.259,931.331,931.403,931.476,931.548,931.621,931.693,931.765,931.838,931.910,931.982,932.055,932.127,932.199,932.272,932.344,932.416,932.489,932.561,932.633,932.706,932.778,932.850,932.922,932.995,933.067,933.139,933.212,933.284,933.356,933.428,933.501,933.573,933.645,933.718,933.790,933.862,933.934,934.007,934.079,934.151,934.223,934.296,934.368,934.440,934.512,934.584,934.657,934.729,934.801,934.873,934.946,935.018,935.090,935.162,935.234,935.307,935.379,935.451,935.523,935.595,935.668,935.740,935.812,935.884,935.956,936.028,936.101,936.173,936.245,936.317,936.389,936.461,936.534,936.606,936.678,936.750,936.822,936.894,936.966,937.038,937.111,937.183,937.255,937.327,937.399,937.471,937.543,937.615,937.687,937.759,937.832,937.904,937.976,938.048,938.120,938.192,938.264,938.336,938.408,938.480,938.552,938.624,938.696,938.768,938.840,938.912,938.984,939.057,939.129,939.201,939.273,939.345,939.417,939.489,939.561,939.633,939.705,939.777,939.849,939.921,939.993,940.065,940.137,940.209,940.281,940.353,940.425,940.497,940.568,940.640,940.712,940.784,940.856,940.928,941.000,941.072,941.144,941.216,941.288,941.360,941.432,941.504,941.576,941.648,941.720,941.791,941.863,941.935,942.007,942.079,942.151,942.223,942.295,942.367,942.438,942.510,942.582,942.654,942.726,942.798,942.870,942.942,943.013,943.085,943.157,943.229,943.301,943.373,943.445,943.516,943.588,943.660,943.732,943.804,943.876,943.947,944.019,944.091,944.163,944.235,944.306,944.378,944.450,944.522,944.594,944.665,944.737,944.809,944.881,944.952,945.024,945.096,945.168,945.240,945.311,945.383,945.455,945.527,945.598,945.670,945.742,945.814,945.885,945.957,946.029,946.100
2346.903,2348.133,2349.363,2350.592,2351.822,2353.051,2354.279,2355.508,2356.735,2357.964,2359.192,2360.419,2361.646,2362.872,2364.098,2365.325,2366.551,2367.775,2369.001,2370.226,2371.451,2372.675,2373.899,2375.123,2376.347,2377.570,2378.792,2380.015,2381.238,2382.460,2383.682,2384.903,2386.125,2387.345,2388.565,2389.786,2391.006,2392.225,2393.445,2394.664,2395.883,2397.101,2398.320,2399.538,2400.755,2401.974,2403.191,2404.407,2405.624,2406.840,2408.056,2409.272,2410.488,2411.703,2412.917,2414.132,2415.347,2416.560,2417.774,2418.988,2420.201,2421.413,2422.627,2423.839,2425.051,2426.263,2427.474,2428.685,2429.896,2431.107,2432.317,2433.527,2434.736,2435.946,2437.155,2438.365,2439.573,2440.781,2441.989,2443.197,2444.404,2445.612,2446.819,2448.025,2449.232,2450.438,2451.644,2452.849,2454.054,2455.259,2456.464,2457.669,2458.872,2460.076,2461.280,2462.484,2463.686,2464.889,2466.091,2467.294,2468.495,2469.696,2470.898,2472.099,2473.300,2474.500,2475.700,2476.900,2478.100,2479.299,2480.498,2481.697,2482.896,2484.093,2485.292,2486.490,2487.686,2488.884,2490.080,2491.277,2492.473,2493.669,2494.864,2496.061,2497.256,2498.450,2499.645,2500.839,2502.033,2503.227,2504.421,2505.613,2506.806,2507.999,2509.191,2510.383,2511.576,2512.767,2513.957,2515.149,2516.340,2517.530,2518.720,2519.910,2521.100,2522.289,2523.478,2524.667,2525.855,2527.044,2528.231,2529.419,2530.606,2531.794,2532.980,2534.167,2535.352,2536.539,2537.724,2538.910,2540.095,2541.280,2542.464,2543.649,2544.833,2546.016,2547.200,2548.383,2549.566,2550.749,2551.932,2553.113,2554.295,2555.477,2556.658,2557.839,2559.020,2560.201,2561.381,2562.560,2563.741,2564.920,2566.099,2567.278,2568.456,2569.634,2570.812,2571.990,2573.168,2574.344,2575.522,2576.699,2577.874,2579.051,2580.227,2581.402,2582.577,2583.753,2584.927,2586.102,2587.276,2588.450,2589.624,2590.797,2591.970,2593.143,2594.316,2595.488,2596.660,2597.831,2599.003,2600.175,2601.345,2602.516,2603.686,2604.857,2606.026,2607.196,2608.366,2609.535,2610.703,2611.871,2613.040,2614.208,2615.375,2616.543,2617.710,2618.877,2620.044,2621.210,2622.376,2623.542,2624.707,2625.873,2627.038,2628.203,2629.367,2630.531,2631.695,2632.859,2634.023,2635.186,2636.348,2637.511,2638.673,2639.836,2640.998,2642.158,2643.320,2644.481,2645.641,2646.802,2647.963,2649.122,2650.282,2651.442,2652.600,2653.759,2654.918,2656.076,2657.234,2658.392,2659.550,2660.707,2661.864,2663.021,2664.177,2665.333,2666.489,2667.645,2668.800,2669.956,2671.110,2672.265,2673.419,2674.573,2675.728,2676.881,2678.034,2679.187,2680.339,2681.492,2682.644,2683.796,2684.948,2686.100,2687.251,2688.401,2689.552,2690.703,2691.852,2693.003,2694.152,2695.301,2696.451,2697.599,2698.747,2699.896,2701.044,2702.192,2703.339,2704.487,2705.634,2706.780,2707.926,2709.072,2710.218,2711.364,2712.509,2713.655,2714.799,2715.944,2717.088,2718.233,2719.376,2720.520,2721.663,2722.807,2723.949,2725.092,2726.234,2727.376,2728.518,2729.658,2730.800,2731.941,2733.082,2734.222,2735.362,2736.502,2737.642,2738.781,2739.920,2741.059,2742.197,2743.336,2744.474,2745.612,2746.749,2747.887,2749.024,2750.160,2751.297,2752.433,2753.569,2754.705,2755.840,2756.975,2758.111,2759.245,2760.380,2761.514,2762.648,2763.781,2764.915,2766.048,2767.180,2768.314,2769.446,2770.578,2771.710,2772.841,2773.972,2775.104,2776.235,2777.365,2778.495,2779.626,2780.755,2781.885,2783.014,2784.143,2785.272,2786.401,2787.529,2788.656,2789.784,2790.912,2792.040,2793.166,2794.293,2795.419,2796.546,2797.672,2798.797,2799.923,2801.048,2802.173,2803.298,2804.422,2805.547,2806.670,2807.793,2808.917,2810.041,2811.163,2812.286,2813.408,2814.531,2815.652,2816.774,2817.895,2819.016,2820.137,2821.257,2822.378,2823.498,2824.618,2825.738,2826.857,2827.976,2829.095,2830.213,2831.332,2832.450,2833.567,2834.685,2835.802,2836.919,2838.036,2839.153,2840.269,2841.385,2842.501,2843.617,2844.732,2845.847,2846.961,2848.076,2849.190,2850.304,2851.419,2852.532,2853.645,2854.758,2855.871,2856.983,2858.095,2859.208,2860.319,2861.431,2862.542,2863.653,2864.764,2865.874,2866.985,2868.094,2869.205,2870.314,2871.424,2872.532,2873.641,2874.749,2875.858,2876.965,2878.073,2879.181,2880.288,2881.395,2882.502,2883.609,2884.714,2885.821,2886.927,2888.032,2889.138,2890.242,2891.347,2892.452,2893.556,2894.659,2895.764,2896.867,2897.971,2899.074,2900.176,2901.279,2902.381,2903.484,2904.585,2905.687,2906.788,2907.889,2908.990,2910.090,2911.190,2912.290,2913.391,2914.490,2915.589,2916.688,2917.787,2918.886,2919.984,2921.082,2922.180,2923.278,2924.374,2925.472,2926.569,2927.666,2928.761,2929.858,2930.953,2932.049,2933.144,2934.240,2935.335,2936.429,2937.524,2938.618,2939.712,2940.805,2941.899,2942.992,2944.085,2945.178,2946.270,2947.362,2948.454,2949.546,2950.637,2951.729,2952.819,2953.910,2955.000,2956.090,2957.181,2958.271,2959.360,2960.449,2961.538,2962.627,2963.715,2964.804,2965.892,2966.980,2968.067,2969.155,2970.241,2971.329,2972.415,2973.501,2974.587,2975.673,2976.759,2977.844,2978.930,2980.014,2981.099,2982.183,2983.267,2984.351,2985.435,2986.518,2987.602,2988.685,2989.767,2990.850,2991.932,2993.014,2994.096,2995.177,2996.259,2997.339,2998.420,2999.501,3000.581,3001.661,3002.740,3003.820,3004.899,3005.978,3007.057,3008.136,3009.215,3010.293,3011.370,3012.448,3013.526,3014.603,3015.680,3016.756,3017.833,3018.909,3019.985,3021.060,3022.137,3023.212,3024.287,3025.361,3026.436,3027.510,3028.584,3029.657,3030.731,3031.805,3032.878,3033.951,3035.024,3036.095,3037.168,3038.240,3039.312,3040.383,3041.454,3042.525,3043.596,3044.667,3045.737,3046.807,3047.877,3048.946,3050.015,3051.084,3052.153,3053.222,3054.290,3055.358,3056.426,3057.494,3058.561,3059.628,3060.695,3061.762,3062.828,3063.895,3064.961,3066.026,3067.092,3068.157,3069.222,3070.287,3071.351,3072.415,3073.480,3074.543,3075.607,3076.671,3077.733,3078.797,3079.859,3080.921,3081.984,3083.046,3084.108,3085.169,3086.230,3087.291,3088.352,3089.413,3090.473,3091.533,3092.593,3093.652,3094.712,3095.771,3096.830,3097.889,3098.947,3100.006,3101.064,3102.121,3103.178,3104.236,3105.293,3106.350,3107.406,3108.463,3109.519,3110.575,3111.631,3112.686,3113.741,3114.796,3115.851,3116.905,3117.960,3119.013,3120.068,3121.121,3122.174,3123.228,3124.280,3125.333,3126.385,3127.437,3128.489,3129.541,3130.593,3131.644,3132.695,3133.745,3134.796,3135.847,3136.896,3137.947,3138.996,3140.046,3141.094,3142.144,3143.192,3144.241,3145.289,3146.337,3147.384,3148.432,3149.479,3150.526,3151.573,3152.620,3153.667,3154.713,3155.758,3156.804,3157.849,3158.895,3159.940,3160.985,3162.029,3163.073,3164.118,3165.162,3166.205,3167.249,3168.292,3169.335,3170.377,3171.420,3172.462,3173.505,3174.546,3175.588,3176.629,3177.670,3178.711,3179.752,3180.792,3181.832,3182.872,3183.913,3184.952,3185.991,3187.030,3188.069,3189.107,3190.146,3191.184,3192.222,3193.260,3194.298,3195.334,3196.372,3197.409,3198.445,3199.482,3200.517,3201.553,3202.589,3203.624,3204.659,3205.694,3206.730,3207.764,3208.798,3209.833,3210.867,3211.899,3212.933,3213.966,3215.000,3216.032,3217.065,3218.097,3219.129,3220.161,3221.192,3222.223,3223.255,3224.286,3225.316,3226.347,3227.377,3228.407,3229.437,3230.466,3231.496,3232.525,3233.554,3234.583,3235.611,3236.639,3237.667,3238.695,3239.722,3240.750,3241.777,3242.804,3243.831,3244.857,3245.883,3246.909,3247.935,3248.960,3249.986,3251.011,3252.036,3253.061,3254.085,3255.109,3256.133,3257.157,3258.180,3259.204,3260.227,3261.249,3262.272,3263.295,3264.317,3265.339,3266.361,3267.382,3268.404,3269.425,3270.446,3271.467,3272.486,3273.507,3274.527,3275.547,3276.566,3277.586,3278.604,3279.624,3280.642,3281.660,3282.679,3283.697,3284.714,3285.732,3286.749,3287.766,3288.783,3289.800,3290.816,3291.833,3292.849,3293.865,3294.880,3295.895,3296.911,3297.925,3298.940,3299.955,3300.969,3301.983,3302.997,3304.010,3305.023,3306.036,3307.049,3308.062,3309.074,3310.087,3311.099,3312.111,3313.123,3314.134,3315.145,3316.156,3317.167,3318.178,3319.188,3320.198,3321.208,3322.217,3323.226,3324.236,3325.245,3326.254,3327.262,3328.271,3329.279,3330.287,3331.294,3332.301,3333.309,3334.316,3335.323,3336.329,3337.335,3338.342,3339.348,3340.353,3341.359,3342.364,3343.369,3344.374,3345.378,3346.383,3347.387,3348.391,3349.395,3350.399,3351.402,3352.405,3353.408,3354.411,3355.413,3356.415,3357.417,3358.419,3359.421,3360.423,3361.424,3362.424,3363.425,3364.425,3365.426,3366.426,3367.426,3368.425,3369.425,3370.424,3371.424,3372.422,3373.421,3374.419,3375.417,3376.416,3377.413,3378.410,3379.408,3380.405,3381.401,3382.398,3383.395,3384.391,3385.387,3386.383,3387.379,3388.374,3389.369,3390.364,3391.359,3392.353,3393.347,3394.342,3395.335,3396.329,3397.323,3398.315,3399.309,3400.302,3401.294,3402.286,3403.279,3404.270,3405.262,3406.254,3407.245,3408.237,3409.228,3410.218,3411.208,3412.199,3413.189,3414.179,3415.168,3416.158,3417.147,3418.135,3419.125,3420.113,3421.101,3422.089,3423.077,3424.065,3425.053,3426.040,3427.027,3428.014,3429.001,3429.987,3430.973,3431.959,3432.945,3433.930,3434.916,3435.901,3436.887,3437.871,3438.855,3439.840,3440.824,3441.808,3442.792,3443.775,3444.758,3445.741,3446.724,3447.707,3448.690,3449.672,3450.654,3451.635,3452.617,3453.598,3454.580,3455.561,3456.541,3457.522,3458.503,3459.483,3460.462,3461.442,3462.422,3463.401,3464.380,3465.359,3466.338,3467.316,3468.294,3469.273,3470.250,3471.228,3472.205,3473.183,3474.160,3475.136,3476.113,3477.090,3478.066,3479.041,3480.017,3480.993,3481.968,3482.943,3483.918,3484.893,3485.867,3486.842,3487.816,3488.789,3489.764,3490.737,3491.710,3492.683,3493.656,3494.629,3495.601,3496.573,3497.545,3498.517,3499.489,3500.460,3501.431,3502.402,3503.373,3504.344,3505.314,3506.284,3507.255,3508.224,3509.194,3510.163,3511.132,3512.101,3513.070,3514.038,3515.007,3515.975,3516.943,3517.910,3518.878,3519.845,3520.812,3521.779,3522.746,3523.712,3524.679,3525.644,3526.610,3527.576,3528.542,3529.506,3530.472,3531.437,3532.401,3533.365,3534.330,3535.294,3536.258,3537.221,3538.185,3539.148,3540.110,3541.073,3542.036,3542.999,3543.960,3544.923,3545.884,3546.846,3547.807,3548.769,3549.729,3550.690,3551.651,3552.611,3553.571,3554.531,3555.491,3556.450,3557.410,3558.369,3559.327,3560.286,3561.245,3562.204,3563.161,3564.119,3565.077,3566.035,3566.992,3567.949,3568.906,3569.862,3570.819,3571.775,3572.731,3573.687,3574.643,3575.598,3576.553,3577.509,3578.464,3579.419,3580.373,3581.327,3582.281,3583.235,3584.188,3585.142,3586.095,3587.049,3588.002,3588.954,3589.906,3590.859,3591.811,3592.762,3593.714,3594.666,3595.617,3596.568,3597.519,3598.469,3599.420,3600.370,3601.320,3602.270,3603.220,3604.169,3605.119,3606.068,3607.016,3607.965,3608.913,3609.862,3610.810,3611.758,3612.705,3613.653,3614.600,3615.547,3616.495,3617.441,3618.387,3619.333,3620.280,3621.225,3622.171,3623.117,3624.062,3625.007,3625.952,3626.897,3627.841,3628.785,3629.729,3630.673,3631.617,3632.561,3633.503,3634.447,3635.390,3636.332,3637.275,3638.218,3639.159,3640.101,3641.043,3641.985,3642.926,3643.867,3644.808,3645.749,3646.689,3647.630,3648.570,3649.510,3650.450,3651.389,3652.328,3653.267,3654.206,3655.145,3656.083,3657.022,3657.960,3658.898,3659.836,3660.773,3661.711,3662.648,3663.585,3664.522,3665.458,3666.395,3667.331,3668.267,3669.203,3670.138,3671.074,3672.009,3672.944,3673.879,3674.813,3675.748,3676.682,3677.616,3678.550,3679.484,3680.417,3681.350,3682.283,3683.216,3684.149,3685.081,3686.014,3686.946,3687.878,3688.810,3689.741,3690.673,3691.603,3692.535,3693.465,3694.396,3695.326,3696.256,3697.187,3698.116,3699.046,3699.975,3700.904,3701.833,3702.762,3703.691,3704.619,3705.547,3706.475,3707.403,3708.331,3709.258,3710.185,3711.112,3712.039,3712.966,3713.893,3714.819,3715.745,3716.671,3717.596,3718.522,3719.447,3720.372,3721.297,3722.222,3723.147,3724.071,3724.995,3725.919,3726.843,3727.766,3728.690,3729.613,3730.537,3731.459,3732.382,3733.304,3734.227,3735.149,3736.070,3736.992,3737.914,3738.835,3739.756,3740.676,3741.597,3742.518,3743.439,3744.358,3745.279,3746.198,3747.118,3748.037,3748.957,3749.875,3750.794,3751.712,3752.631,3753.550,3754.468,3755.386,3756.303,3757.220,3758.138,3759.055,3759.972,3760.888,3761.805,3762.722,3763.637,3764.554,3765.469,3766.385,3767.300,3768.215,3769.130,3770.045,3770.960,3771.874,3772.789,3773.703,3774.617,3775.530,3776.443,3777.357,3778.270,3779.183,3780.096,3781.008,3781.920,3782.832,3783.745,3784.656,3785.568,3786.480,3787.391,3788.302,3789.213,3790.123,3791.034,3791.944,3792.854,3793.764,3794.673,3795.583,3796.493,3797.401,3798.311,3799.220,3800.128,3801.036,3801.945,3802.853,3803.760,3804.669,3805.576,3806.483,3807.390,3808.297,3809.204,3810.110,3811.017,3811.922,3812.829,3813.735,3814.640,3815.546,3816.450,3817.356,3818.260,3819.165,3820.070,3820.974,3821.878,3822.782,3823.686,3824.589,3825.493,3826.396,3827.299,3828.202,3829.104,3830.007,3830.909,3831.811,3832.713,3833.615,3834.516,3835.418,3836.318,3837.219,3838.121,3839.021,3839.921,3840.821,3841.721,3842.621,3843.521,3844.420,3845.320,3846.219,3847.118,3848.016,3848.915,3849.814,3850.711,3851.610,3852.507,3853.405,3854.302,3855.199,3856.097,3856.994,3857.890,3858.787,3859.683,3860.579,3861.475,3862.371,3863.267,3864.162,3865.057,3865.952,3866.847,3867.742,3868.637,3869.530,3870.425,3871.319,3872.212,3873.106,3874.000,3874.893,3875.786,3876.678,3877.571,3878.464,3879.356,3880.248,3881.140,3882.031,3882.923,3883.815,3884.706,3885.597,3886.487,3887.378,3888.269,3889.159,3890.049,3890.939,3891.829,3892.718,3893.607,3894.497,3895.386,3896.274,3897.163,3898.052,3898.940,3899.829,3900.716,3901.604,3902.491,3903.379,3904.266,3905.153,3906.040,3906.926,3907.813,3908.699,3909.585,3910.471,3911.357,3912.243,3913.128,3914.013,3914.898,3915.783,3916.668,3917.552,3918.437,3919.321,3920.205,3921.088,3921.972,3922.855,3923.738,3924.622,3925.505,3926.387,3927.270,3928.152,3929.034,3929.916,3930.798,3931.679,3932.561,3933.442,3934.323,3935.204,3936.084,3936.965,3937.845,3938.726,3939.606,3940.486,3941.365,3942.245,3943.124,3944.003,3944.882,3945.760,3946.639,3947.517,3948.396,3949.274,3950.152,3951.030,3951.907,3952.784,3953.661,3954.538,3955.415,3956.292,3957.168,3958.044,3958.920,3959.796,3960.672,3961.547,3962.422,3963.298,3964.173,3965.048,3965.922,3966.797,3967.671,3968.545,3969.419,3970.293,3971.166,3972.040,3972.913,3973.786,3974.659,3975.532,3976.404,3977.276,3978.148,3979.020,3979.892,3980.764,3981.635,3982.507,3983.378,3984.248,3985.119,3985.990,3986.860,3987.730,3988.600,3989.470,3990.340,3991.209,3992.079,3992.948,3993.817,3994.685,3995.554,3996.422,3997.291,3998.159,3999.027,3999.895,4000.762,4001.629,4002.497,4003.364,4004.231,4005.098,4005.964,4006.831,4007.696,4008.562,4009.429,4010.294,4011.159,4012.025,4012.890,4013.755,4014.619,4015.484,4016.349,4017.212,4018.077,4018.941,4019.804,4020.668,4021.532,4022.394,4023.257,4024.120,4024.983,4025.845,4026.708,4027.570,4028.432,4029.294,4030.155,4031.017,4031.878,4032.739,4033.600,4034.461,4035.321,4036.182,4037.042,4037.902,4038.762,4039.622,4040.481,4041.340,4042.200,4043.059,4043.918,4044.776,4045.635,4046.493,4047.351,4048.209,4049.067,4049.925,4050.783,4051.639,4052.497,4053.354,4054.210,4055.067,4055.923,4056.779,4057.636,4058.492,4059.347,4060.203,4061.059,4061.914,4062.769,4063.624,4064.478,4065.333,4066.187,4067.041,4067.895,4068.749,4069.603,4070.457,4071.309,4072.163,4073.016,4073.869,4074.721,4075.574,4076.426,4077.279,4078.130,4078.982,4079.834,4080.685,4081.537,4082.387,4083.238,4084.089,4084.940,4085.790,4086.640,4087.490,4088.341,4089.190,4090.040,4090.889,4091.738,4092.588,4093.437,4094.285,4095.134,4095.982,4096.830,4097.678,4098.526,4099.374,4100.221,4101.069,4101.916,4102.763,4103.610,4104.456,4105.303,4106.149,4106.996,4107.842,4108.687,4109.533,4110.378,4111.224,4112.069,4112.914,4113.758,4114.603,4115.448,4116.292,4117.137,4117.980,4118.824,4119.668,4120.511,4121.355,4122.198,4123.040,4123.884,4124.726,4125.568,4126.411,4127.253,4128.095,4128.936,4129.778,4130.620,4131.461,4132.302,4133.143,4133.984,4134.825,4135.665,4136.505,4137.346,4138.185,4139.025,4139.865,4140.704,4141.543,4142.382,4143.222,4144.060,4144.899,4145.737,4146.576,4147.413,4148.251,4149.089,4149.927,4150.764,4151.601,4152.439,4153.276,4154.112,4154.949,4155.785,4156.622,4157.458,4158.294,4159.129,4159.965,4160.800,4161.636,4162.471,4163.306,4164.141,4164.975,4165.809,4166.644,4167.478,4168.312,4169.146,4169.979,4170.813,4171.646,4172.479,4173.312,4174.145,4174.977,4175.810,4176.642,4177.474,4178.306,4179.138,4179.969,4180.801,4181.632,4182.463,4183.294,4184.125,4184.956,4185.786,4186.617,4187.446,4188.276,4189.106,4189.936,4190.765,4191.595,4192.424,4193.253,4194.081,4194.910,4195.739,4196.567,4197.395,4198.223,4199.051,4199.879,4200.706,4201.534,4202.361,4203.187,4204.015,4204.841,4205.667,4206.494,4207.320,4208.146,4208.972,4209.798,4210.624,4211.449,4212.273,4213.099,4213.924,4214.749,4215.573,4216.398,4217.221,4218.046,4218.869,4219.694,4220.517,4221.340,4222.163,4222.986,4223.810,4224.632,4225.455,4226.278,4227.099,4227.921,4228.744,4229.566,4230.387,4231.208,4232.030,4232.851,4233.672,4234.492,4235.314,4236.134,4236.954,4237.774,4238.595,4239.414,4240.234,4241.053,4241.873,4242.692,4243.511,4244.329,4245.148,4245.967,4246.785,4247.603,4248.422,4249.239,4250.057,4250.875,4251.692,4252.510,4253.327,4254.143,4254.960,4255.777,4256.593,4257.409,4258.225,4259.042,4259.857,4260.673,4261.488,4262.304,4263.119,4263.934,4264.749,4265.563,4266.378,4267.192,4268.006,4268.821,4269.635,4270.448,4271.262,4272.075,4272.888,4273.701,4274.514,4275.327,4276.140,4276.952,4277.764,4278.577,4279.388,4280.200,4281.012,4281.823,4282.634,4283.445,4284.257,4285.068,4285.878,4286.689,4287.499,4288.309,4289.119,4289.929,4290.739,4291.549,4292.357,4293.167,4293.976,4294.785,4295.594,4296.403,4297.211,4298.019,4298.827,4299.635,4300.443,4301.250,4302.058,4302.866,4303.673,4304.480,4305.287,4306.093,4306.900,4307.706,4308.513,4309.318,4310.124,4310.930,4311.736,4312.541,4313.347,4314.151,4314.957,4315.761,4316.566,4317.370,4318.175,4318.979,4319.783,4320.587,4321.390,4322.194,4322.998,4323.801,4324.604,4325.407,4326.210,4327.012,4327.815,4328.617,4329.419,4330.221,4331.023,4331.824,4332.626,4333.427
180.517,181.747,182.978,184.207,185.437,186.665,187.894,189.122,190.350,191.579,192.806,194.033,195.260,196.486,197.713,198.939,200.165,201.390,202.616,203.841,205.065,206.290,207.514,208.738,209.961,211.184,212.407,213.629,214.853,216.074,217.296,218.518,219.739,220.959,222.180,223.400,224.621,225.840,227.060,228.279,229.498,230.716,231.935,233.153,234.370,235.588,236.805,238.022,239.239,240.455,241.671,242.887,244.102,245.318,246.532,247.747,248.961,250.175,251.389,252.603,253.816,255.028,256.241,257.453,258.665,259.878,261.089,262.300,263.511,264.721,265.932,267.142,268.351,269.561,270.770,271.979,273.187,274.396,275.604,276.812,278.019,279.227,280.433,281.640,282.847,284.053,285.258,286.464,287.669,288.874,290.079,291.283,292.487,293.691,294.894,296.098,297.301,298.504,299.706,300.908,302.110,303.311,304.513,305.714,306.914,308.115,309.315,310.515,311.714,312.913,314.113,315.312,316.510,317.708,318.906,320.104,321.301,322.498,323.695,324.892,326.088,327.284,328.479,329.675,330.870,332.065,333.259,334.454,335.648,336.842,338.035,339.228,340.421,341.614,342.806,343.998,345.190,346.381,347.572,348.764,349.954,351.144,352.335,353.525,354.714,355.903,357.092,358.281,359.470,360.658,361.845,363.033,364.221,365.408,366.594,367.781,368.967,370.154,371.339,372.524,373.710,374.895,376.079,377.263,378.447,379.631,380.814,381.998,383.181,384.364,385.546,386.728,387.910,389.092,390.273,391.454,392.634,393.815,394.995,396.175,397.355,398.535,399.713,400.892,402.071,403.249,404.427,405.605,406.783,407.959,409.136,410.313,411.489,412.666,413.842,415.017,416.192,417.367,418.542,419.716,420.891,422.065,423.238,424.412,425.585,426.758,427.930,429.103,430.275,431.446,432.618,433.789,434.960,436.131,437.301,438.471,439.641,440.810,441.980,443.149,444.318,445.486,446.654,447.822,448.990,450.157,451.325,452.492,453.659,454.824,455.991,457.157,458.322,459.488,460.652,461.818,462.982,464.146,465.309,466.474,467.637,468.800,469.963,471.126,472.288,473.450,474.612,475.773,476.934,478.096,479.256,480.417,481.577,482.737,483.896,485.056,486.215,487.374,488.533,489.691,490.849,492.007,493.164,494.322,495.479,496.636,497.791,498.948,500.104,501.260,502.415,503.570,504.725,505.880,507.034,508.188,509.342,510.495,511.648,512.801,513.954,515.107,516.259,517.411,518.563,519.714,520.866,522.016,523.167,524.317,525.467,526.617,527.767,528.915,530.065,531.214,532.362,533.511,534.659,535.806,536.954,538.101,539.248,540.395,541.541,542.687,543.833,544.979,546.124,547.269,548.414,549.559,550.703,551.847,552.991,554.134,555.277,556.421,557.564,558.706,559.848,560.990,562.132,563.273,564.414,565.555,566.696,567.836,568.977,570.116,571.256,572.395,573.535,574.673,575.812,576.951,578.089,579.226,580.364,581.501,582.638,583.775,584.912,586.048,587.183,588.319,589.455,590.590,591.725,592.859,593.994,595.128,596.263,597.396,598.529,599.662,600.795,601.928,603.061,604.193,605.325,606.456,607.587,608.718,609.849,610.979,612.110,613.241,614.370,615.500,616.629,617.757,618.887,620.015,621.143,622.271,623.399,624.527,625.654,626.780,627.907,629.034,630.160,631.286,632.411,633.537,634.663,635.787,636.912,638.036,639.161,640.285,641.408,642.531,643.655,644.778,645.901,647.023,648.145,649.267,650.389,651.509,652.631,653.752,654.872,655.993,657.113,658.232,659.353,660.472,661.590,662.710,663.828,664.946,666.064,667.182,668.299,669.417,670.534,671.651,672.767,673.884,674.999,676.116,677.231,678.346,679.462,680.576,681.691,682.805,683.919,685.033,686.146,687.260,688.372,689.485,690.598,691.710,692.822,693.934,695.046,696.156,697.268,698.379,699.489,700.599,701.709,702.819,703.928,705.038,706.147,707.256,708.364,709.472,710.580,711.688,712.795,713.903,715.010,716.117,717.223,718.329,719.435,720.541,721.646,722.752,723.857,724.962,726.066,727.170,728.274,729.379,730.482,731.585,732.688,733.791,734.894,735.996,737.098,738.199,739.301,740.403,741.503,742.604,743.704,744.805,745.905,747.005,748.105,749.204,750.302,751.402,752.501,753.599,754.697,755.795,756.892,757.989,759.086,760.183,761.280,762.376,763.472,764.568,765.664,766.759,767.855,768.949,770.044,771.139,772.233,773.326,774.420,775.513,776.607,777.700,778.792,779.884,780.976,782.069,783.161,784.252,785.343,786.434,787.525,788.615,789.705,790.796,791.885,792.974,794.064,795.152,796.241,797.330,798.418,799.506,800.594,801.682,802.770,803.856,804.943,806.029,807.116,808.202,809.288,810.373,811.458,812.544,813.629,814.713,815.798,816.882,817.966,819.049,820.133,821.216,822.299,823.381,824.464,825.547,826.628,827.710,828.791,829.873,830.954,832.035,833.115,834.195,835.275,836.355,837.435,838.514,839.593,840.672,841.751,842.829,843.908,844.985,846.063,847.140,848.217,849.295,850.371,851.448,852.524,853.599,854.675,855.751,856.826,857.901,858.976,860.050,861.125,862.199,863.272,864.346,865.419,866.493,867.565,868.638,869.710,870.783,871.854,872.926,873.998,875.069,876.139,877.211,878.281,879.351,880.421,881.491,882.561,883.629,884.699,885.768,886.837,887.904,888.973,890.040,891.108,892.175,893.243,894.310,895.376,896.442,897.509,898.575,899.641,900.706,901.772,902.837,903.902,904.966,906.030,907.094,908.158,909.222,910.285,911.348,912.411,913.474,914.536,915.599,916.661,917.722,918.784,919.845,920.906,921.966,923.027,924.088,925.148,926.208,927.267,928.327,929.386,930.444,931.504,932.562,933.620,934.678,935.736,936.793,937.851,938.908,939.964,941.021,942.077,943.134,944.190,945.245,946.300,947.356,948.411,949.466,950.520,951.574,952.628,953.682,954.736,955.789,956.842,957.895,958.948,960.000,961.052,962.104,963.156,964.207,965.259,966.310,967.360,968.411,969.461,970.511,971.561,972.610,973.660,974.709,975.758,976.807,977.855,978.903,979.951,980.999,982.046,983.094,984.141,985.188,986.235,987.281,988.328,989.373,990.419,991.464,992.510,993.554,994.600,995.644,996.688,997.733,998.776,999.820,1000.863,1001.906,1002.949,1003.992,1005.035,1006.077,1007.119,1008.160,1009.202,1010.244,1011.285,1012.326,1013.366,1014.407,1015.447,1016.487,1017.527,1018.566,1019.606,1020.645,1021.683,1022.722,1023.760,1024.799,1025.837,1026.875,1027.912,1028.949,1029.986,1031.023,1032.059,1033.096,1034.132,1035.168,1036.204,1037.239,1038.274,1039.309,1040.344,1041.379,1042.413,1043.447,1044.481,1045.514,1046.548,1047.581,1048.614,1049.646,1050.679,1051.712,1052.743,1053.776,1054.807,1055.838,1056.870,1057.901,1058.931,1059.961,1060.992,1062.021,1063.051,1064.081,1065.110,1066.140,1067.169,1068.198,1069.225,1070.254,1071.282,1072.310,1073.337,1074.365,1075.392,1076.419,1077.445,1078.472,1079.498,1080.524,1081.549,1082.575,1083.600,1084.625,1085.650,1086.675,1087.700,1088.723,1089.748,1090.772,1091.795,1092.819,1093.841,1094.864,1095.887,1096.909,1097.931,1098.954,1099.976,1100.997,1102.018,1103.039,1104.060,1105.081,1106.101,1107.121,1108.142,1109.162,1110.181,1111.200,1112.219,1113.238,1114.257,1115.275,1116.294,1117.311,1118.329,1119.346,1120.364,1121.381,1122.398,1123.414,1124.431,1125.447,1126.463,1127.479,1128.494,1129.510,1130.526,1131.540,1132.555,1133.569,1134.583,1135.598,1136.611,1137.625,1138.638,1139.651,1140.664,1141.677,1142.689,1143.701,1144.714,1145.726,1146.737,1147.748,1148.760,1149.771,1150.781,1151.792,1152.802,1153.813,1154.822,1155.832,1156.841,1157.851,1158.860,1159.868,1160.877,1161.885,1162.893,1163.901,1164.908,1165.916,1166.924,1167.931,1168.937,1169.944,1170.950,1171.957,1172.962,1173.968,1174.974,1175.979,1176.984,1177.988,1178.993,1179.997,1181.002,1182.006,1183.010,1184.013,1185.017,1186.020,1187.022,1188.025,1189.027,1190.030,1191.032,1192.034,1193.035,1194.037,1195.038,1196.039,1197.040,1198.040,1199.040,1200.040,1201.040,1202.040,1203.040,1204.039,1205.038,1206.036,1207.035,1208.034,1209.032,1210.030,1211.027,1212.025,1213.023,1214.019,1215.016,1216.013,1217.010,1218.006,1219.002,1219.998,1220.993,1221.988,1222.983,1223.978,1224.973,1225.967,1226.962,1227.957,1228.950,1229.944,1230.937,1231.930,1232.924,1233.916,1234.909,1235.901,1236.893,1237.885,1238.877,1239.868,1240.860,1241.851,1242.842,1243.832,1244.823,1245.814,1246.803,1247.793,1248.783,1249.772,1250.761,1251.750,1252.739,1253.728,1254.716,1255.704,1256.692,1257.680,1258.667,1259.655,1260.642,1261.629,1262.616,1263.602,1264.588,1265.574,1266.560,1267.545,1268.531,1269.516,1270.501,1271.486,1272.470,1273.454,1274.438,1275.423,1276.407,1277.389,1278.373,1279.356,1280.339,1281.322,1282.304,1283.286,1284.269,1285.250,1286.232,1287.213,1288.194,1289.175,1290.156,1291.137,1292.117,1293.097,1294.077,1295.057,1296.036,1297.016,1297.995,1298.974,1299.953,1300.930,1301.909,1302.887,1303.865,1304.843,1305.820,1306.797,1307.774,1308.751,1309.727,1310.704,1311.680,1312.656,1313.632,1314.607,1315.583,1316.558,1317.533,1318.508,1319.482,1320.456,1321.431,1322.404,1323.378,1324.351,1325.325,1326.298,1327.270,1328.244,1329.216,1330.188,1331.160,1332.132,1333.103,1334.075,1335.046,1336.017,1336.988,1337.959,1338.928,1339.899,1340.869,1341.838,1342.808,1343.777,1344.746,1345.716,1346.684,1347.652,1348.621,1349.590,1350.557,1351.525,1352.492,1353.460,1354.427,1355.393,1356.360,1357.327,1358.293,1359.259,1360.225,1361.190,1362.156,1363.121,1364.087,1365.051,1366.016,1366.980,1367.945,1368.909,1369.872,1370.836,1371.799,1372.763,1373.725,1374.688,1375.651,1376.613,1377.575,1378.537,1379.499,1380.461,1381.422,1382.383,1383.344,1384.304,1385.266,1386.226,1387.186,1388.146,1389.105,1390.065,1391.024,1391.984,1392.942,1393.901,1394.860,1395.818,1396.776,1397.734,1398.691,1399.649,1400.606,1401.563,1402.521,1403.477,1404.433,1405.390,1406.346,1407.301,1408.257,1409.213,1410.168,1411.123,1412.078,1413.033,1413.987,1414.942,1415.895,1416.850,1417.803,1418.757,1419.710,1420.663,1421.616,1422.569,1423.521,1424.473,1425.425,1426.377,1427.329,1428.280,1429.232,1430.183,1431.134,1432.084,1433.035,1433.985,1434.935,1435.885,1436.835,1437.784,1438.734,1439.682,1440.631,1441.580,1442.528,1443.476,1444.425,1445.372,1446.320,1447.267,1448.215,1449.162,1450.109,1451.055,1452.002,1452.948,1453.894,1454.840,1455.786,1456.731,1457.676,1458.622,1459.567,1460.511,1461.456,1462.400,1463.344,1464.288,1465.232,1466.175,1467.118,1468.061,1469.005,1469.947,1470.890,1471.832,1472.774,1473.716,1474.658,1475.599,1476.540,1477.482,1478.423,1479.363,1480.304,1481.244,1482.184,1483.124,1484.064,1485.003,1485.943,1486.882,1487.821,1488.760,1489.698,1490.636,1491.574,1492.513,1493.450,1494.388,1495.326,1496.263,1497.200,1498.136,1499.073,1500.009,1500.946,1501.882,1502.818,1503.753,1504.688,1505.624,1506.558,1507.494,1508.428,1509.363,1510.297,1511.230,1512.165,1513.098,1514.032,1514.965,1515.898,1516.831,1517.763,1518.696,1519.628,1520.561,1521.493,1522.424,1523.356,1524.287,1525.218,1526.149,1527.079,1528.011,1528.941,1529.871,1530.801,1531.731,1532.660,1533.589,1534.519,1535.447,1536.376,1537.305,1538.234,1539.162,1540.089,1541.018,1541.945,1542.872,1543.800,1544.727,1545.654,1546.580,1547.507,1548.434,1549.359,1550.285,1551.211,1552.136,1553.062,1553.987,1554.912,1555.837,1556.761,1557.686,1558.610,1559.534,1560.458,1561.381,1562.305,1563.228,1564.151,1565.074,1565.996,1566.918,1567.841,1568.763,1569.685,1570.607,1571.528,1572.450,1573.371,1574.291,1575.212,1576.133,1577.053,1577.973,1578.893,1579.812,1580.733,1581.652,1582.571,1583.490,1584.409,1585.327,1586.245,1587.164,1588.082,1589.000,1589.918,1590.835,1591.752,1592.669,1593.586,1594.503,1595.419,1596.336,1597.252,1598.168,1599.084,1600.000,1600.915,1601.830,1602.745,1603.660,1604.575,1605.489,1606.403,1607.317,1608.231,1609.144,1610.058,1610.971,1611.885,1612.797,1613.710,1614.622,1615.535,1616.447,1617.359,1618.271,1619.182,1620.094,1621.005,1621.916,1622.827,1623.738,1624.648,1625.559,1626.469,1627.379,1628.288,1629.198,1630.107,1631.016,1631.925,1632.834,1633.743,1634.651,1635.559,1636.467,1637.375,1638.283,1639.191,1640.098,1641.005,1641.912,1642.818,1643.725,1644.631,1645.537,1646.443,1647.349,1648.254,1649.160,1650.065,1650.970,1651.875,1652.780,1653.684,1654.588,1655.493,1656.397,1657.301,1658.204,1659.107,1660.011,1660.914,1661.817,1662.719,1663.621,1664.524,1665.426,1666.327,1667.229,1668.131,1669.032,1669.933,1670.834,1671.735,1672.635,1673.536,1674.436,1675.336,1676.236,1677.135,1678.035,1678.934,1679.833,1680.732,1681.631,1682.529,1683.428,1684.326,1685.224,1686.122,1687.020,1687.917,1688.814,1689.712,1690.608,1691.505,1692.401,1693.298,1694.194,1695.090,1695.986,1696.881,1697.776,1698.672,1699.567,1700.462,1701.356,1702.251,1703.145,1704.040,1704.933,1705.827,1706.720,1707.614,1708.507,1709.400,1710.293,1711.186,1712.078,1712.970,1713.863,1714.755,1715.646,1716.538,1717.429,1718.320,1719.212,1720.102,1720.993,1721.883,1722.773,1723.664,1724.554,1725.443,1726.333,1727.222,1728.111,1729.000,1729.889,1730.778,1731.666,1732.555,1733.443,1734.331,1735.219,1736.106,1736.993,1737.880,1738.768,1739.654,1740.541,1741.428,1742.314,1743.200,1744.086,1744.972,1745.857,1746.743,1747.628,1748.513,1749.398,1750.282,1751.167,1752.051,1752.935,1753.819,1754.703,1755.587,1756.470,1757.353,1758.237,1759.119,1760.002,1760.884,1761.766,1762.649,1763.531,1764.412,1765.294,1766.176,1767.056,1767.938,1768.819,1769.699,1770.580,1771.460,1772.340,1773.220,1774.100,1774.980,1775.859,1776.738,1777.617,1778.496,1779.375,1780.253,1781.132,1782.010,1782.888,1783.766,1784.644,1785.521,1786.399,1787.276,1788.153,1789.029,1789.906,1790.782,1791.658,1792.535,1793.411,1794.286,1795.162,1796.037,1796.912,1797.787,1798.662,1799.537,1800.412,1801.285,1802.160,1803.034,1803.907,1804.781,1805.654,1806.528,1807.400,1808.273,1809.146,1810.019,1810.891,1811.763,1812.635,1813.507,1814.378,1815.250,1816.121,1816.992,1817.863,1818.734,1819.604,1820.474,1821.345,1822.215,1823.085,1823.954,1824.824,1825.693,1826.562,1827.431,1828.300,1829.169,1830.037,1830.905,1831.773,1832.641,1833.509,1834.377,1835.244,1836.111,1836.979,1837.845,1838.712,1839.578,1840.445,1841.311,1842.177,1843.043,1843.909,1844.774,1845.639,1846.504,1847.369,1848.234,1849.099,1849.963,1850.827,1851.691,1852.555,1853.419,1854.282,1855.146,1856.009,1856.872,1857.735,1858.597,1859.460,1860.323,1861.185,1862.047,1862.908,1863.770,1864.631,1865.493,1866.354,1867.214,1868.075,1868.936,1869.797,1870.657,1871.517,1872.376,1873.237,1874.096,1874.955,1875.815,1876.674,1877.532,1878.391,1879.249,1880.108,1880.966,1881.824,1882.682,1883.540,1884.397,1885.254,1886.111,1886.969,1887.825,1888.682,1889.538,1890.394,1891.250,1892.106,1892.962,1893.818,1894.673,1895.528,1896.383,1897.238,1898.093,1898.948,1899.801,1900.656,1901.510,1902.364,1903.217,1904.071,1904.924,1905.778,1906.630,1907.484,1908.336,1909.188,1910.040,1910.893,1911.745,1912.597,1913.448,1914.300,1915.151,1916.002,1916.853,1917.704,1918.555,1919.405,1920.255,1921.105,1921.955,1922.805,1923.654,1924.504,1925.353,1926.202,1927.051,1927.900,1928.748,1929.597,1930.445,1931.293,1932.141,1932.989,1933.836,1934.683,1935.531,1936.377,1937.224,1938.071,1938.918,1939.764,1940.610,1941.456,1942.302,1943.147,1943.993,1944.839,1945.684,1946.529,1947.373,1948.218,1949.062,1949.907,1950.751,1951.595,1952.439,1953.283,1954.126,1954.969,1955.812,1956.655,1957.498,1958.341,1959.183,1960.025,1960.867,1961.709,1962.551,1963.393,1964.234,1965.076,1965.917,1966.758,1967.598,1968.439,1969.280,1970.120,1970.960,1971.800,1972.639,1973.479,1974.319,1975.158,1975.997,1976.836,1977.675,1978.513,1979.352,1980.190,1981.028,1981.866,1982.704,1983.542,1984.379,1985.216,1986.053,1986.890,1987.727,1988.563,1989.400,1990.236,1991.072,1991.908,1992.744,1993.579,1994.415,1995.250,1996.085,1996.920,1997.755,1998.590,1999.424,2000.258,2001.093,2001.926,2002.760,2003.594,2004.427,2005.260,2006.093,2006.927,2007.759,2008.592,2009.424,2010.256,2011.089,2011.921,2012.752,2013.584,2014.416,2015.247,2016.078,2016.909,2017.739,2018.570,2019.400,2020.231,2021.061,2021.891,2022.721,2023.551,2024.380,2025.209,2026.038,2026.867,2027.696,2028.525,2029.353,2030.182,2031.010,2031.837,2032.666,2033.493,2034.321,2035.148,2035.975,2036.802,2037.629,2038.456,2039.282,2040.109,2040.935,2041.761,2042.587,2043.412,2044.238,2045.063,2045.888,2046.713,2047.538,2048.363,2049.187,2050.012,2050.836,2051.660,2052.484,2053.308,2054.132,2054.955,2055.778,2056.601,2057.424,2058.247,2059.070,2059.892,2060.714,2061.536,2062.358,2063.180,2064.002,2064.823,2065.644,2066.465,2067.287,2068.107,2068.928,2069.748,2070.568,2071.388,2072.209,2073.029,2073.848,2074.668,2075.487,2076.307,2077.126,2077.944,2078.763,2079.582,2080.400,2081.218,2082.036,2082.854,2083.672,2084.489,2085.306,2086.124,2086.941,2087.758,2088.575,2089.391,2090.208,2091.024,2091.840,2092.656,2093.472,2094.288,2095.103,2095.918,2096.734,2097.548,2098.364,2099.178,2099.993,2100.807,2101.621,2102.435,2103.249,2104.063,2104.876,2105.690,2106.503,2107.316,2108.129,2108.942,2109.754,2110.566,2111.379,2112.191,2113.003,2113.815,2114.626,2115.438,2116.249,2117.060,2117.871,2118.682,2119.493,2120.303,2121.113,2121.924,2122.734,2123.544,2124.353,2125.163,2125.972,2126.782,2127.591,2128.399,2129.208,2130.017,2130.825,2131.633,2132.442,2133.250,2134.058,2134.865,2135.673,2136.480,2137.288,2138.095,2138.901,2139.708,2140.514,2141.321,2142.127,2142.933,2143.739,2144.545,2145.350,2146.156,2146.961,2147.766,2148.571,2149.376,2150.181,2150.985,2151.789,2152.593,2153.397,2154.201,2155.005,2155.809,2156.612,2157.416,2158.218,2159.021,2159.824,2160.627,2161.429,2162.231,2163.033,2163.836,2164.637,2165.439,2166.240,2167.041
7933,7922,7895,7960,7972,7860,7842,7954,7916,7836,7889,7899,8014,7930,7874,7968,7893,7917,7946,7941,7920,7865,7899,7821,7966,7901,7882,7994,7807,7836,7850,7802,7823,7853,7784,7812,7799,7796,7749,7883,7868,7758,7849,7829,7696,7760,7794,7802,7820,7700,7829,7800,7836,7754,7878,7788,7778,7768,7857,7886,7728,7820,7741,7803,7700,7816,7754,7862,7800,7772,7817,7683,7747,7742,7693,7729,7688,7657,7729,7749,7698,7718,7697,7657,7644,7572,7798,7620,7655,7687,7635,7525,7718,7684,7639,7631,7677,7657,7582,7614,7572,7663,7532,7639,7540,7627,7529,7580,7584,7663,7516,7691,7610,7525,7561,7623,7583,7530,7623,7548,7540,7542,7493,7475,7586,7466,7398,7529,7466,7546,7499,7495,7430,7457,7511,7508,7467,7411,7525,7324,7349,7399,7418,7369,7334,7439,7355,7390,7387,7392,7347,7347,7274,7370,7401,7316,7330,7384,7316,7363,7331,7278,7465,7350,7360,7388,7270,7267,7286,7370,7284,7345,7288,7330,7366,7299,7261,7303,7250,7230,7216,7183,7240,7305,7307,7271,7272,7252,7255,7242,7247,7178,7222,7291,7189,7192,7176,7152,7081,7276,7269,7229,7133,7095,7149,7102,7178,7194,7183,7080,7135,7111,7140,7125,7107,7106,7090,7157,7112,7177,7072,7129,7122,7221,7076,7074,7093,7088,7079,7008,7088,7054,7080,7063,7151,7137,6987,7008,7117,7095,7028,7084,7016,7054,6994,7002,7070,6954,6972,7124,6983,6993,6936,6925,6963,6951,7025,6966,6951,6925,6932,6919,6997,6944,6939,6819,6927,6886,6820,6845,6873,6884,6911,6777,6857,6831,6809,6830,6812,6855,6787,6811,6804,6842,6846,6836,6816,6762,6803,6720,6770,6804,6788,6766,6793,6796,6819,6767,6686,6783,6727,6725,6781,6804,6707,6763,6685,6726,6693,6645,6634,6689,6804,6648,6563,6603,6615,6671,6700,6630,6609,6695,6603,6603,6599,6606,6611,6647,6645,6561,6568,6557,6518,6492,6533,6571,6473,6544,6499,6540,6472,6476,6539,6540,6413,6431,6461,6469,6470,6379,6491,6541,6454,6451,6467,6455,6398,6434,6464,6434,6411,6469,6458,6382,6503,6414,6386,6483,6413,6387,6441,6421,6385,6399,6392,6371,6380,6436,6378,6336,6381,6364,6322,6234,6435,6373,6369,6281,6346,6349,6310,6326,6356,6338,6276,6322,6343,6258,6331,6268,6242,6294,6288,6202,6304,6218,6260,6230,6296,6283,6276,6320,6284,6361,6337,6272,6316,6315,6286,6335,6282,6199,6294,6317,6301,6346,6323,6313,6338,6304,6257,6360,6314,6353,6329,6321,6221,6262,6338,6351,6328,6288,6226,6339,6298,6345,6326,6265,6260,6286,6251,6286,6241,6280,6282,6298,6216,6279,6199,6246,6222,6271,6230,6183,6215,6263,6148,6231,6171,6232,6169,6188,6199,6119,6121,6088,6137,6186,6215,6210,6162,6140,6134,6153,6202,6145,6184,6182,6220,6162,6198,6161,6176,6172,6120,6170,6164,6179,6102,6074,6101,6094,6033,6050,6098,6099,6020,6050,6105,6013,5963,6024,5951,6020,5920,5966,5892,5959,5907,5875,5917,5939,5873,5912,5917,5815,5805,5802,5853,5890,5836,5767,5845,5777,5820,5845,5831,5764,5796,5805,5811,5756,5728,5734,5775,5733,5681,5803,5738,5669,5654,5677,5722,5701,5661,5646,5615,5670,5661,5652,5604,5580,5562,5650,5556,5576,5587,5566,5584,5549,5527,5568,5539,5547,5555,5546,5517,5587,5468,5531,5518,5470,5501,5470,5530,5397,5509,5480,5411,5397,5431,5431,5437,5355,5389,5492,5446,5421,5394,5369,5453,5488,5412,5456,5438,5452,5464,5416,5366,5438,5416,5424,5396,5406,5427,5360,5357,5329,5308,5378,5385,5361,5397,5385,5345,5366,5359,5340,5284,5299,5299,5344,5343,5272,5276,5229,5304,5264,5283,5294,5271,5268,5250,5312,5223,5294,5209,5260,5235,5250,5218,5217,5204,5297,5216,5188,5166,5196,5169,5199,5250,5135,5207,5206,5161,5181,5132,5163,5150,5152,5174,5188,5165,5123,5150,5140,5144,5120,5159,5146,5083,5099,5089,5176,5176,5079,5060,5131,5123,5098,5092,5072,5080,5032,5064,5093,4996,5021,5024,5054,5018,5083,5027,5025,5083,5052,5104,5041,5018,5021,5051,4957,5020,5035,5004,4967,5045,5038,4986,5072,5011,5019,4978,4998,5025,4964,4979,4946,4976,4975,4929,4971,4965,4914,4966,5021,4936,4952,4957,4934,4955,4932,4957,4925,4946,4928,4940,4930,4900,4905,4879,4864,4868,4911,4982,4908,4915,4908,4894,4926,4876,4835,4871,4873,4907,4873,4804,4780,4869,4842,4804,4825,4795,4813,4886,4832,4841,4853,4769,4743,4773,4738,4751,4749,4703,4780,4713,4742,4726,4803,4742,4732,4734,4758,4722,4754,4760,4798,4692,4717,4733,4670,4709,4675,4738,4680,4698,4697,4767,4666,4723,4681,4635,4708,4672,4720,4684,4699,4677,4659,4638,4704,4707,4675,4658,4684,4612,4634,4590,4644,4594,4628,4632,4650,4624,4638,4603,4607,4618,4619,4604,4590,4621,4627,4633,4512,4583,4516,4601,4532,4567,4615,4525,4594,4533,4566,4559,4545,4533,4535,4587,4488,4514,4468,4536,4535,4512,4544,4440,4447,4492,4496,4515,4505,4459,4436,4498,4464,4425,4457,4432,4443,4409,4512,4444,4456,4417,4384,4419,4421,4443,4374,4383,4397,4373,4458,4398,4421,4406,4377,4372,4404,4404,4351,4293,4318,4388,4356,4334,4308,4341,4359,4348,4302,4356,4295,4275,4340,4295,4295,4325,4285,4362,4305,4262,4275,4282,4291,4344,4336,4327,4305,4283,4298,4300,4283,4226,4296,4269,4248,4269,4226,4247,4280,4260,4243,4312,4186,4212,4238,4243,4233,4235,4215,4200,4227,4183,4281,4211,4200,4170,4213,4150,4229,4144,4171,4176,4146,4173,4188,4166,4127,4194,4158,4196,4156,4136,4113,4110,4169,4111,4170,4097,4105,4127,4161,4093,4155,4102,4066,4110,4118,4135,4134,4123,4090,4063,4069,4098,4055,4091,4054,4047,4066,4048,4127,4036,4030,4088,4022,4108,4033,4043,4000,4031,4015,3979,3944,4013,4039,4014,3983,3991,3993,3989,3987,3968,4036,3964,4017,3985,3942,3927,3952,3950,3966,3949,3973,3927,3956,3959,3872,3920,3929,3896,3910,3895,3943,3905,3900,3909,3902,3954,3898,3840,3879,3875,3838,3883,3866,3873,3849,3865,3886,3822,3862,3776,3833,3852,3819,3889,3804,3840,3831,3778,3802,3849,3801,3848,3818,3822,3796,3768,3738,3769,3779,3773,3771,3759,3780,3741,3797,3740,3764,3768,3694,3797,3762,3718,3739,3751,3742,3709,3766,3709,3727,3695,3758,3723,3694,3727,3642,3701,3635,3692,3701,3644,3697,3691,3637,3638,3641,3634,3635,3640,3660,3677,3616,3630,3649,3607,3656,3622,3603,3666,3608,3614,3631,3596,3612,3534,3583,3503,3599,3587,3544,3540,3605,3567,3567,3574,3566,3549,3579,3556,3593,3516,3531,3571,3526,3512,3517,3535,3500,3486,3510,3553,3529,3520,3492,3507,3535,3506,3483,3487,3481,3482,3498,3467,3502,3497,3470,3495,3470,3483,3505,3493,3481,3441,3484,3480,3442,3474,3517,3451,3470,3460,3451,3387,3468,3428,3391,3408,3410,3428,3397,3400,3384,3414,3433,3414,3377,3389,3365,3403,3404,3371,3381,3351,3393,3385,3356,3438,3365,3351,3361,3371,3369,3317,3361,3367,3334,3316,3348,3352,3351,3305,3300,3308,3333,3335,3320,3297,3330,3309,3299,3301,3361,3297,3287,3341,3322,3277,3287,3343,3304,3315,3247,3263,3280,3299,3249,3245,3263,3282,3298,3258,3276,3315,3232,3244,3264,3229,3233,3238,3233,3266,3273,3219,3237,3251,3218,3240,3220,3227,3215,3239,3250,3218,3208,3213,3207,3227,3225,3245,3165,3234,3187,3254,3197,3204,3171,3164,3226,3187,3211,3175,3162,3194,3184,3178,3183,3177,3151,3151,3147,3152,3131,3169,3187,3149,3162,3130,3161,3119,3156,3181,3088,3158,3150,3127,3147,3126,3130,3096,3125,3115,3131,3121,3143,3114,3099,3092,3128,3152,3084,3102,3133,3092,3093,3073,3080,3076,3062,3106,3089,3063,3104,3100,3075,3079,3069,3028,3099,3036,3058,3075,3067,3063,3037,3026,3046,3083,3046,2995,3069,3042,3052,3051,3038,2986,3052,3008,3035,3036,3003,3027,3014,3020,2999,3023,3027,2985,2967,2988,2983,3032,2980,2966,3038,3012,3055,2998,3007,2993,2984,3000,2995,2967,2989,2939,2960,2956,2998,2953,2960,2981,2993,2970,2922,2981,2989,2911,2955,2973,2963,2934,2976,2966,2929,2968,2970,2987,2966,2932,2985,2963,2943,2955,2934,2975,2957,2899,2968,2983,2938,2979,2942,2932,2938,2934,2906,2914,2916,2924,2919,2917,2899,2905,2924,2932,2907,2922,2917,2896,2910,2928,2891,2923,2893,2923,2887,2895,2909,2871,2883,2908,2871,2860,2879,2907,2836,2844,2819,2870,2859,2862,2843,2867,2847,2837,2854,2842,2840,2865,2863,2879,2842,2850,2856,2860,2852,2828,2856,2813,2863,2861,2808,2836,2853,2829,2819,2837,2795,2797,2794,2791,2842,2787,2795,2771,2799,2808,2796,2829,2742,2778,2802,2758,2792,2759,2767,2784,2787,2802,2796,2804,2758,2799,2800,2782,2772,2794,2754,2763,2785,2714,2760,2774,2771,2773,2752,2762,2749,2756,2729,2758,2741,2750,2747,2750,2757,2708,2751,2750,2758,2768,2745,2745,2745,2737,2760,2758,2751,2711,2734,2753,2708,2713,2727,2713,2696,2727,2686,2736,2720,2713,2698,2698,2675,2688,2712,2695,2737,2687,2706,2712,2714,2680,2686,2723,2719,2666,2704,2714,2730,2708,2661,2685,2712,2675,2655,2684,2657,2678,2698,2648,2675,2640,2681,2668,2645,2648,2655,2644,2691,2655,2658,2615,2671,2645,2703,2641,2641,2656,2654,2624,2675,2639,2630,2664,2638,2623,2667,2641,2634,2626,2632,2607,2645,2613,2630,2665,2615,2627,2647,2622,2615,2640,2623,2598,2590,2597,2585,2590,2594,2587,2553,2587,2585,2616,2556,2631,2587,2557,2559,2606,2572,2556,2566,2557,2571,2563,2597,2585,2571,2559,2605,2549,2581,2602,2567,2569,2569,2556,2543,2577,2534,2548,2553,2534,2499,2518,2569,2513,2556,2539,2541,2531,2551,2509,2526,2552,2505,2536,2528,2540,2542,2520,2553,2512,2527,2531,2554,2503,2535,2504,2551,2518,2571,2512,2533,2542,2528,2537,2505,2510,2517,2481,2550,2505,2488,2540,2531,2539,2497,2493,2501,2490,2505,2479,2522,2489,2494,2495,2511,2479,2488,2486,2503,2506,2493,2454,2514,2496,2495,2492,2487,2506,2508,2487,2482,2496,2451,2505,2489,2498,2464,2465,2496,2475,2474,2473,2483,2461,2466,2468,2486,2458,2456,2424,2480,2452,2414,2434,2462,2419,2432,2450,2427,2429,2433,2442,2431,2456,2442,2437,2444,2453,2393,2442,2450,2429,2417,2438,2453,2428,2424,2421,2411,2427,2425,2431,2423,2406,2392,2409,2416,2439,2390,2409,2399,2379,2379,2356,2389,2363,2374,2379,2357,2384,2397,2389,2354,2372,2343,2407,2396,2375,2407,2360,2403,2379,2381,2371,2368,2374,2373,2355,2374,2398,2385,2404,2382,2388,2347,2365,2373,2365,2379,2364,2392,2367,2357,2339,2366,2341,2331,2380,2363,2369,2312,2362,2361,2352,2360,2356,2346,2342,2361,2353,2335,2362,2347,2345,2348,2369,2336,2323,2332,2347,2332,2345,2326,2368,2370,2350,2351,2336,2342,2337,2353,2348,2372,2359,2352,2341,2372,2335,2320,2349,2368,2358,2340,2323,2340,2357,2351,2330,2334,2325,2330,2336,2325,2293,2310,2325,2314,2322,2309,2335,2329,2314,2291,2313,2295,2339,2330,2338,2311,2312,2329,2325,2347,2293,2338,2296,2323,2327,2313,2322,2325,2324,2319,2294,2319,2306,2290,2321,2301,2311,2314,2309,2301,2302,2282,2285,2288,2287,2289,2294,2297,2299,2272,2294,2275,2287,2242,2275,2286,2258,2259,2277,2266,2265,2280,2262,2231,2249,2295
22132,21665,21332,21110,20836,20518,20462,20179,20188,20074,19826,19751,19367,19035,18781,18751,18513,18322,18207,18100,18048,17964,17971,17778,17717,17821,17668,17796,17596,17582,17393,17521,17373,17316,17135,17100,16983,16876,16881,16771,16907,16894,16857,16828,16760,16787,16788,16687,16822,16905,16943,16985,16986,16919,16820,16885,16741,16883,16774,16652,16674,16839,16898,16944,16842,16736,16712,16933,16912,16869,16595,16646,16711,16549,16570,16541,16573,16524,16613,16510,16602,16638,16506,16490,16652,16469,16565,16616,16613,16690,16539,16576,16638,16589,16570,16602,16629,16567,16660,16656,16707,16711,16627,16574,16726,16667,16785,16832,16745,16868,16810,16840,16880,16818,16995,16933,16911,16784,16909,16884,16918,16881,16955,16836,16881,16822,16868,16918,16944,16930,16792,16885,16902,16983,16913,16888,16833,16873,16881,16980,16971,16906,16889,17002,16856,16830,16951,17138,17101,17066,16984,17141,17057,17083,17076,17253,17101,17275,17313,17300,17104,17327,17343,17354,17461,17437,17278,17477,17450,17400,17331,17500,17396,17521,17469,17468,17441,17396,17403,17542,17506,17595,17448,17551,17529,17654,17544,17568,17598,17647,17459,17595,17363,17472,17495,17590,17593,17654,17524,17574,17491,17562,17502,17605,17549,17665,17577,17539,17621,17660,17558,17611,17552,17585,17579,17524,17531,17475,17559,17640,17598,17421,17439,17345,17472,17499,17400,17445,17229,17220,17307,17348,17218,17336,17152,17264,17153,17047,17104,17119,17130,17102,17021,17018,16883,16866,16934,16938,16917,16943,16853,16834,17022,17102,16921,17053,16920,16864,16958,16955,16864,16780,16799,16678,16437,16380,16176,16040,15920,15787,15710,15506,15434,15297,14972,15042,14867,14767,14714,14422,14470,14388,14273,14073,14164,14070,13937,13946,13839,13783,13691,13694,13651,13668,13646,13579,13430,13465,13364,13403,13273,13411,13443,13384,13267,13287,13361,13168,13127,13243,13093,13101,13151,13055,12883,13063,12978,12955,12892,12969,13051,12881,12918,12835,12905,12922,12890,12801,12745,12856,12799,12886,12750,12863,12794,12730,12843,12738,12780,12783,12789,12834,12702,12814,12849,12704,12860,12821,12860,12772,12867,12876,12841,12967,12878,12854,12804,12890,12951,12727,12901,12798,12755,12783,12884,12859,12670,12690,12686,12656,12672,12747,12604,12591,12523,12559,12524,12420,12512,12465,12310,12440,12446,12344,12461,12289,12262,12210,12216,12258,12189,12331,12291,12283,12264,12199,12200,12182,12121,12160,12210,12158,12277,12110,12138,12203,12143,12074,11992,12026,12059,11952,12014,11951,12141,11830,12118,11924,12025,11952,12006,12058,12056,12019,12016,11935,11991,11960,11938,11989,12035,12007,11973,11999,12031,12128,11957,11954,11944,11994,12034,12079,11980,11994,11977,11962,11963,12003,11841,11871,11861,11889,11918,12016,11954,12046,11824,11897,11913,11907,11930,11908,11932,11931,11869,11931,11843,11779,11997,11894,11815,11841,11778,11877,11846,11890,11940,11788,11888,11866,11772,11794,11874,11866,11817,11920,11769,11719,11826,11757,11906,11732,11779,11828,11836,11845,11736,11809,11706,11713,11699,11818,11737,11815,11764,11803,11844,11758,11904,11816,11885,11896,11874,11959,11965,11853,11964,11971,12007,11925,12033,12083,12117,12019,12108,11953,12031,12171,12110,12109,12151,12113,12136,12260,12100,12108,12027,12060,12194,12060,11969,12064,11937,12085,11917,12015,12132,12035,12107,11980,11974,11973,12005,11894,11929,11915,11888,11897,12013,11873,11849,11825,11885,11816,11838,11762,11793,11719,11821,11822,11698,11792,11697,11731,11586,11552,11579,11610,11601,11517,11536,11540,11543,11529,11524,11372,11454,11476,11393,11399,11212,11303,11380,11314,11224,11265,11222,11221,11384,11209,11217,11305,11187,11203,11245,11086,11108,11170,11167,11170,11195,11094,11084,11195,11134,11119,11010,11073,11128,11182,11084,11104,11142,11077,11113,11049,11147,11100,11047,11138,11095,10971,11004,11048,11119,11019,11134,10982,11021,11073,11032,10967,10972,10912,10903,10968,10838,10977,10866,10919,10892,10924,10898,10851,10835,10817,10843,10875,10944,10934,10772,10847,10769,10860,10825,10863,10881,10793,10782,10763,10722,10815,10647,10786,10765,10777,10646,10693,10662,10609,10716,10641,10661,10732,10515,10550,10575,10684,10569,10568,10575,10592,10578,10488,10602,10627,10525,10491,10514,10524,10511,10563,10509,10566,10633,10451,10565,10533,10463,10490,10448,10488,10385,10438,10423,10404,10552,10455,10539,10520,10499,10475,10656,10503,10479,10460,10482,10587,10543,10559,10468,10427,10480,10380,10348,10520,10391,10351,10430,10378,10408,10458,10553,10452,10306,10550,10426,10448,10439,10507,10619,10543,10504,10471,10425,10547,10518,10516,10530,10468,10470,10491,10493,10476,10533,10415,10498,10432,10514,10483,10443,10466,10448,10435,10347,10497,10472,10453,10377,10380,10426,10458,10352,10416,10457,10364,10327,10376,10337,10305,10348,10361,10356,10205,10241,10347,10237,10267,10320,10303,10300,10361,10296,10299,10235,10183,10263,10190,10196,10284,10155,10192,10247,10110,10084,10114,10182,10180,10127,10027,10004,10128,10038,10101,10017,10035,10041,10093,10014,10085,10097,10042,9983,10014,10003,10109,10022,9906,10078,10026,9971,10025,10039,9934,9991,9964,9990,9908,9979,9979,10002,9941,9954,9968,9842,9928,9902,9957,9828,9730,9870,9875,9958,9869,9865,9882,9800,9901,9771,9860,9876,9849,9893,9901,9821,9751,9903,9800,9782,9848,9759,9751,9807,9754,9794,9820,9701,9801,9765,9767,9732,9764,9831,9754,9691,9665,9688,9728,9739,9812,9731,9733,9813,9736,9763,9670,9798,9674,9740,9792,9672,9647,9701,9641,9624,9684,9623,9718,9766,9784,9690,9741,9701,9778,9640,9773,9734,9698,9795,9781,9702,9702,9747,9742,9746,9739,9797,9696,9649,9723,9830,9789,9721,9720,9771,9684,9749,9763,9775,9696,9748,9778,9736,9728,9734,9692,9800,9772,9714,9744,9712,9722,9772,9731,9756,9774,9809,9900,9721,9729,9701,9686,9795,9712,9762,9797,9701,9658,9639,9716,9713,9671,9633,9811,9654,9619,9761,9669,9726,9611,9625,9552,9649,9568,9577,9532,9520,9656,9556,9480,9524,9620,9507,9559,9576,9455,9552,9477,9394,9476,9444,9451,9541,9442,9474,9424,9515,9440,9523,9528,9537,9471,9442,9405,9399,9349,9362,9432,9346,9339,9271,9388,9384,9333,9321,9330,9313,9332,9316,9366,9260,9308,9227,9351,9281,9220,9256,9360,9249,9227,9228,9221,9230,9264,9290,9141,9204,9207,9172,9152,9145,9111,9184,9168,9126,9115,9140,9219,9169,9119,9142,8978,9094,9101,9050,9084,9079,8955,8987,8909,8976,9060,8962,9021,8891,8985,8878,8898,8844,8967,8879,8937,8952,8836,8842,8901,8864,8811,8880,8906,8844,8794,8738,8798,8799,8871,8731,8802,8848,8870,8805,8759,8778,8763,8786,8737,8757,8670,8766,8734,8751,8596,8674,8616,8690,8681,8707,8684,8680,8755,8832,8642,8684,8657,8726,8682,8656,8706,8676,8609,8653,8662,8668,8686,8723,8609,8618,8629,8694,8677,8615,8731,8628,8672,8651,8668,8720,8649,8670,8699,8668,8670,8741,8708,8738,8735,8684,8696,8744,8610,8752,8679,8681,8789,8665,8687,8591,8702,8663,8654,8694,8657,8646,8633,8665,8608,8670,8523,8622,8552,8600,8444,8473,8469,8451,8463,8461,8541,8366,8475,8393,8467,8418,8325,8300,8329,8358,8286,8331,8218,8205,8268,8363,8253,8287,8267,8349,8300,8323,8279,8258,8254,8233,8334,8237,8255,8214,8177,8152,8225,8088,8180,8211,8191,8081,8180,8147,8183,8182,8142,8129,8169,8053,8174,8107,8122,8081,8106,8153,8180,8027,8066,8155,8088,8082,8157,8025,8066,8017,8057,8012,8064,8084,8076,8010,8122,8052,8090,8020,8036,8037,8021,8118,7978,7976,8080,8057,7976,8012,7970,8059,8044,8007,8075,8024,8052,8020,8100,8023,8012,7960,8048,7932,7907,8021,7920,7940,7962,7868,7926,7949,7939,7903,7942,7918,7889,7921,7924,7932,7919,7877,7847,7823,7928,7822,7817,7861,7908,7889,7742,7832,7755,7865,7787,7793,7766,7726,7818,7786,7777,7779,7860,7827,7723,7809,7914,7778,7830,7792,7786,7721,7823,7749,7817,7658,7717,7731,7659,7693,7756,7772,7704,7685,7706,7735,7693,7587,7605,7653,7628,7580,7683,7656,7567,7648,7623,7626,7562,7625,7637,7611,7654,7666,7709,7648,7671,7578,7587,7647,7572,7617,7531,7567,7598,7590,7580,7569,7486,7527,7611,7574,7490,7615,7567,7542,7583,7516,7592,7644,7531,7581,7506,7563,7496,7407,7530,7486,7451,7499,7462,7448,7460,7444,7432,7346,7385,7332,7397,7351,7443,7321,7353,7320,7268,7413,7242,7290,7326,7245,7247,7386,7294,7210,7253,7301,7181,7245,7285,7268,7233,7214,7246,7256,7157,7128,7137,7201,7168,7067,7016,7125,7080,6978,7071,7084,7048,7074,6989,7101,7040,7033,7033,6970,7070,7102,7104,6981,7059,6985,7076,6990,7003,6955,6998,6963,6935,7014,6948,6929,6901,6916,6933,6946,6871,6844,6789,6879,6913,6833,6874,6918,6852,6891,6753,6787,6786,6878,6825,6783,6851,6878,6765,6767,6831,6799,6724,6813,6726,6747,6757,6737,6674,6730,6715,6647,6709,6688,6607,6617,6648,6596,6571,6603,6558,6694,6673,6655,6625,6615,6735,6600,6598,6590,6669,6653,6604,6640,6572,6615,6554,6584,6562,6564,6583,6519,6589,6583,6563,6573,6439,6539,6479,6558,6538,6470,6400,6449,6424,6434,6482,6424,6507,6471,6549,6438,6482,6518,6422,6464,6491,6438,6580,6502,6451,6429,6562,6520,6445,6451,6448,6389,6401,6365,6424,6362,6394,6364,6433,6440,6314,6319,6337,6291,6334,6383,6389,6361,6336,6315,6359,6368,6384,6392,6419,6347,6323,6274,6478,6400,6397,6342,6356,6343,6291,6393,6302,6274,6288,6287,6195,6271,6202,6236,6215,6174,6218,6196,6200,6198,6266,6256,6221,6239,6211,6159,6182,6182,6126,6178,6161,6136,6197,6134,6185,6111,6169,6140,6152,6117,6161,6118,6107,6153,6179,6167,6086,6079,6132,6077,6046,6021,6010,6082,5920,5931,5974,5997,5959,6004,5997,5952,6023,6027,6030,5938,5915,5963,5988,5970,5930,6042,5962,5985,5987,5964,6002,5994,5936,5937,5930,5888,5919,5909,5955,5881,5879,5874,5935,5858,5895,5836,5823,5809,5795,5843,5819,5850,5740,5766,5825,5779,5825,5745,5817,5819,5781,5809,5816,5780,5857,5825,5839,5795,5840,5811,5841,5897,5808,5842,5859,5784,5774,5802,5771,5891,5820,5823,5825,5814,5771,5747,5760,5763,5785,5733,5659,5693,5668,5648,5661,5594,5679,5663,5780,5728,5751,5699,5658,5709,5728,5699,5724,5709,5730,5697,5748,5750,5699,5692,5697,5679,5727,5671,5700,5690,5574,5698,5620,5669,5639,5606,5654,5594,5617,5632,5582,5562,5589,5525,5569,5517,5577,5485,5378,5512,5507,5465,5495,5484,5453,5527,5548,5527,5429,5541,5556,5421,5489,5535,5448,5432,5423,5427,5466,5449,5427,5407,5440,5510,5441,5428,5394,5427,5397,5351,5348,5364,5310,5349,5284,5269,5275,5296,5318,5323,5286,5263,5258,5271,5191,5212,5261,5335,5327,5302,5270,5175,5222,5283,5332,5307,5291,5234,5219,5242,5277,5290,5299,5331,5264,5307,5240,5281,5237,5239,5265,5230,5232,5223,5252,5239,5225,5152,5145,5212,5212,5173,5146,5187,5170,5136,5125,5211,5128,5145,5096,5091,5069,5007,5113,5071,5127,5104,5119,5024,5096,5051,5075,5136,5110,5102,5101,5126,5161,5142,5125,5175,5153,5127,5139,5159,5146,5128,5168,5134,5141,5114,5179,5163,5199,5093,5121,5085,5081,5129,5055,5068,5065,5047,5029,5071,5048,5035,5085,4995,5017,5063,4998,4996,4990,4996,5000,5009,4969,4996,4998,4977,4964,4968,5031,4951,4982,4999,4969,5037,5004,5011,4905,4992,4997,4961,4987,5002,4987,5031,5002,4971,4912,4946,4981,4901,5001,5020,4964,4968,4914,4926,4908,4907,4923,4875,4873,4870,4907,4855,4787,4851,4798,4821,4857,4774,4795,4834,4798,4802,4810,4747,4798,4746,4807
8891,9011,8926,8919,8910,8845,8804,9006,8947,8905,8852,8924,8882,8935,8892,8806,8878,8881,8893,8953,8831,8815,8850,8838,8869,8902,8725,8839,8860,8838,8829,8845,8713,8724,8798,8739,8835,8683,8764,8693,8738,8727,8707,8841,8802,8692,8758,8795,8819,8804,8745,8803,8748,8780,8714,8787,8682,8671,8697,8725,8759,8788,8809,8715,8697,8748,8793,8822,8720,8755,8656,8698,8707,8655,8704,8701,8672,8716,8705,8722,8706,8703,8661,8553,8650,8667,8584,8679,8549,8563,8524,8626,8503,8629,8565,8655,8542,8647,8538,8551,8570,8521,8566,8503,8631,8620,8534,8577,8482,8538,8595,8507,8548,8618,8517,8547,8562,8427,8599,8433,8367,8497,8446,8463,8396,8439,8410,8339,8404,8393,8376,8294,8274,8373,8348,8372,8340,8364,8404,8375,8291,8253,8267,8376,8282,8347,8284,8339,8294,8277,8277,8407,8274,8251,8172,8218,8293,8247,8316,8258,8247,8279,8234,8269,8217,8261,8269,8322,8274,8194,8204,8236,8259,8187,8230,8129,8244,8222,8238,8204,8216,8124,8166,8163,8279,8245,8155,8173,8145,8139,8159,8080,8127,8060,8027,8140,8167,8114,8039,8043,8101,8160,8121,8095,8078,8010,8045,7956,8011,7946,8082,7960,8079,8023,8033,7992,7916,8033,7968,8024,8095,7939,7993,8126,8096,7962,8046,8018,7937,7988,8004,7982,7955,7974,7904,7932,8004,7962,7995,7919,7910,7906,7918,7935,7920,7873,7886,7952,7737,7854,7778,7805,7745,7907,7823,7832,7798,7756,7780,7803,7798,7768,7744,7818,7814,7746,7809,7812,7675,7739,7690,7667,7749,7702,7693,7654,7722,7695,7720,7728,7723,7669,7651,7734,7658,7690,7634,7635,7719,7688,7627,7603,7595,7604,7505,7642,7593,7527,7658,7618,7608,7647,7538,7558,7562,7607,7504,7614,7570,7472,7474,7535,7496,7506,7390,7525,7455,7478,7424,7450,7403,7443,7406,7450,7370,7488,7469,7424,7470,7398,7395,7444,7378,7255,7337,7427,7332,7369,7409,7384,7305,7264,7360,7311,7307,7244,7277,7248,7331,7389,7305,7254,7252,7330,7291,7292,7235,7263,7228,7212,7241,7251,7290,7230,7239,7160,7256,7193,7203,7208,7228,7227,7218,7208,7280,7213,7215,7159,7201,7236,7216,7159,7203,7140,7229,7160,7186,7210,7106,7082,7132,7087,7097,7157,7000,7136,7135,7082,7083,7065,7127,7030,7084,7136,7037,7098,7008,7083,7070,7078,7075,7067,7057,7101,7151,7057,7149,7110,7081,7147,7143,7092,7138,7148,7124,7089,7135,7072,7054,7078,7021,7065,7047,7169,7090,7102,7067,7070,7151,7050,7084,7144,7141,7125,7144,7136,7056,7119,7107,7096,7106,7156,7089,7092,7017,7115,6961,7018,7051,7049,7012,7024,6955,6997,7019,6980,6950,7004,6999,6962,6994,6965,6979,6962,7022,6968,6921,7011,6940,6985,7068,7009,6981,7006,6955,6981,6957,6910,6968,6870,6947,6890,6968,6949,6996,6988,6930,6893,6899,6872,6940,6910,6897,6876,6780,6852,6769,6815,6751,6728,6784,6735,6711,6687,6715,6703,6656,6619,6665,6660,6723,6666,6583,6623,6613,6667,6538,6586,6589,6566,6562,6570,6465,6550,6592,6507,6587,6501,6559,6490,6496,6441,6437,6414,6443,6403,6440,6485,6442,6382,6390,6397,6379,6473,6374,6295,6311,6310,6344,6314,6292,6348,6342,6273,6317,6256,6233,6275,6262,6274,6302,6233,6231,6315,6264,6254,6190,6211,6157,6259,6102,6119,6123,6140,6187,6072,6115,6191,6164,6210,6203,6109,6084,6012,6153,6179,6042,6135,6057,6133,6098,6075,6011,5968,6055,6049,6116,6038,6067,6062,6062,6084,6035,6029,6040,6041,6039,6060,6049,6026,6045,6050,6016,6060,5987,6067,6072,5983,5977,5900,5980,6014,5952,6007,5951,5960,5987,5960,5994,5860,5883,5899,5995,5905,5892,5782,5925,5872,5923,5872,5830,5889,5882,5892,5823,5864,5827,5803,5831,5826,5894,5839,5805,5801,5921,5766,5863,5835,5721,5768,5753,5731,5792,5798,5750,5811,5730,5761,5786,5767,5781,5733,5762,5663,5695,5723,5680,5689,5739,5675,5705,5673,5632,5671,5647,5637,5610,5641,5602,5629,5580,5683,5636,5688,5686,5697,5691,5606,5576,5565,5627,5609,5665,5685,5664,5588,5586,5623,5663,5551,5626,5597,5646,5539,5549,5608,5556,5587,5580,5543,5581,5541,5551,5595,5533,5580,5500,5606,5487,5473,5442,5600,5455,5515,5510,5511,5519,5565,5469,5461,5426,5523,5445,5484,5443,5416,5449,5423,5482,5475,5461,5438,5399,5449,5465,5407,5444,5403,5522,5384,5431,5455,5376,5415,5352,5445,5361,5338,5351,5417,5296,5408,5346,5368,5407,5267,5298,5295,5300,5329,5323,5307,5356,5328,5266,5268,5315,5330,5339,5251,5374,5239,5266,5257,5270,5307,5294,5220,5218,5181,5247,5181,5296,5214,5224,5202,5240,5213,5254,5201,5209,5226,5197,5140,5218,5252,5134,5176,5198,5197,5164,5213,5184,5235,5167,5147,5166,5106,5125,5180,5126,5108,5176,5155,5087,5181,5137,5110,5054,5107,5042,5095,5169,5075,5106,5095,5076,5072,5101,4986,5125,5076,5090,5084,5059,5031,4993,5101,5007,5008,5056,5012,4948,4978,5014,4965,5016,5009,5011,4948,4896,4922,5007,4931,4932,4959,4937,4919,4955,4946,4907,4953,4859,4882,4874,4892,4903,4906,4880,4820,4864,4891,4867,4848,4826,4862,4829,4842,4866,4847,4815,4851,4805,4814,4828,4796,4812,4799,4791,4820,4837,4766,4801,4852,4768,4765,4736,4720,4798,4795,4809,4721,4754,4797,4726,4712,4712,4779,4757,4772,4630,4689,4707,4702,4705,4745,4705,4762,4669,4741,4709,4741,4637,4701,4616,4666,4714,4683,4668,4660,4653,4689,4670,4625,4642,4682,4686,4679,4657,4624,4632,4608,4601,4601,4606,4606,4621,4598,4574,4620,4623,4562,4601,4573,4551,4578,4574,4590,4578,4599,4543,4555,4486,4546,4515,4486,4546,4540,4520,4536,4526,4554,4470,4460,4512,4427,4475,4462,4533,4472,4470,4411,4511,4451,4472,4440,4441,4482,4486,4458,4443,4366,4467,4362,4448,4421,4383,4415,4416,4388,4383,4417,4380,4361,4413,4345,4275,4384,4362,4406,4376,4374,4331,4379,4376,4396,4351,4313,4336,4319,4334,4360,4321,4340,4322,4299,4333,4309,4304,4299,4293,4303,4308,4332,4286,4263,4246,4255,4246,4239,4308,4241,4271,4251,4200,4194,4192,4254,4214,4280,4197,4211,4191,4172,4194,4143,4184,4124,4200,4172,4136,4099,4152,4160,4175,4148,4161,4118,4094,4144,4147,4099,4096,4092,4136,4082,4133,4151,4137,4124,4059,4111,4123,4041,4071,4111,4029,4100,4063,4061,4052,4003,4046,4014,4024,4014,4039,4012,4034,4046,4013,3962,4022,4020,3987,3962,4009,3993,3977,3983,3994,3963,3993,3984,3933,3973,3940,3913,3948,3922,3907,3879,3942,3890,3956,3978,3948,3960,3907,3896,3891,3867,3862,3869,3894,3895,3864,3930,3901,3869,3864,3857,3846,3857,3803,3896,3887,3848,3832,3811,3882,3817,3785,3792,3855,3832,3807,3804,3873,3809,3818,3742,3771,3778,3808,3771,3818,3784,3764,3779,3773,3790,3738,3762,3734,3777,3754,3801,3742,3795,3728,3774,3803,3729,3732,3765,3717,3764,3748,3732,3685,3734,3704,3719,3744,3715,3721,3713,3680,3657,3702,3692,3670,3676,3638,3693,3663,3690,3655,3664,3685,3666,3650,3669,3645,3677,3662,3681,3658,3638,3658,3637,3635,3675,3602,3645,3631,3619,3606,3619,3568,3561,3620,3606,3571,3621,3572,3605,3580,3529,3592,3573,3557,3622,3562,3542,3606,3577,3617,3558,3555,3567,3541,3552,3529,3557,3501,3551,3531,3522,3539,3550,3491,3516,3535,3541,3512,3535,3491,3486,3487,3501,3525,3514,3534,3507,3506,3494,3543,3467,3464,3499,3535,3486,3486,3472,3497,3464,3468,3476,3498,3405,3427,3435,3485,3439,3398,3435,3481,3397,3432,3490,3463,3451,3439,3480,3436,3380,3391,3465,3435,3419,3371,3388,3392,3337,3369,3408,3402,3391,3409,3367,3382,3360,3344,3344,3358,3357,3317,3377,3377,3344,3334,3349,3347,3327,3364,3339,3368,3335,3341,3404,3286,3348,3318,3311,3340,3301,3319,3347,3317,3255,3302,3313,3275,3260,3288,3260,3251,3270,3288,3293,3283,3253,3274,3296,3319,3313,3256,3294,3293,3288,3265,3264,3303,3287,3255,3266,3307,3258,3245,3247,3228,3270,3283,3259,3251,3256,3197,3259,3213,3210,3226,3205,3241,3245,3247,3229,3212,3217,3214,3245,3241,3211,3232,3207,3218,3240,3238,3213,3225,3244,3148,3193,3219,3196,3205,3164,3211,3207,3150,3196,3182,3214,3192,3178,3143,3193,3173,3177,3179,3160,3180,3149,3197,3171,3161,3145,3177,3169,3142,3169,3164,3132,3143,3153,3193,3107,3111,3132,3121,3102,3094,3130,3102,3100,3124,3090,3094,3073,3082,3042,3109,3116,3146,3135,3122,3100,3086,3122,3114,3098,3115,3088,3065,3057,3103,3058,3080,3047,3058,3103,3025,3054,3074,3053,3049,3021,3045,3047,3033,3035,3079,3038,3011,3012,2998,3039,3011,3033,3003,3047,3025,2996,3008,3065,2997,3044,3009,2997,3003,2976,3008,2991,3029,3031,2967,2955,3003,2996,2953,2949,2963,2939,2960,2994,2938,2999,2972,2948,2983,2979,2991,2987,2977,3017,2985,2971,2952,2952,2977,2962,2973,2948,2999,2960,2950,2948,2999,2947,2970,2916,2937,2933,2946,2937,2918,2924,2960,2873,2941,2938,2915,2965,2908,2918,2934,2953,2912,2927,2882,2942,2883,2939,2911,2896,2937,2915,2933,2908,2939,2903,2906,2916,2897,2885,2857,2868,2896,2884,2854,2884,2849,2860,2856,2844,2810,2839,2875,2878,2841,2871,2826,2837,2859,2841,2855,2856,2872,2841,2869,2894,2824,2823,2877,2872,2844,2851,2851,2855,2834,2835,2868,2805,2825,2835,2857,2828,2861,2838,2804,2828,2819,2788,2788,2809,2794,2824,2774,2795,2781,2800,2792,2777,2786,2779,2757,2729,2809,2761,2791,2791,2779,2766,2791,2790,2760,2767,2775,2765,2762,2764,2834,2744,2773,2737,2744,2745,2746,2729,2741,2745,2727,2721,2722,2690,2733,2725,2737,2681,2723,2704,2705,2703,2737,2689,2764,2728,2718,2686,2720,2746,2745,2735,2730,2733,2705,2701,2721,2723,2756,2739,2726,2720,2733,2717,2720,2697,2701,2710,2690,2687,2662,2733,2623,2683,2674,2668,2668,2676,2691,2706,2696,2676,2650,2681,2691,2697,2650,2677,2654,2647,2665,2725,2686,2695,2692,2697,2710,2681,2647,2649,2657,2679,2680,2653,2661,2649,2660,2679,2632,2661,2620,2638,2633,2641,2596,2643,2648,2631,2640,2614,2605,2631,2581,2589,2594,2640,2625,2603,2614,2610,2601,2631,2632,2595,2615,2617,2603,2624,2597,2607,2584,2620,2614,2595,2583,2559,2599,2603,2571,2594,2557,2589,2591,2550,2558,2559,2550,2570,2560,2539,2534,2540,2564,2560,2543,2550,2529,2516,2502,2497,2523,2575,2566,2547,2594,2578,2536,2532,2562,2537,2542,2514,2536,2531,2523,2578,2552,2513,2550,2538,2538,2545,2538,2534,2517,2521,2501,2506,2509,2486,2540,2528,2527,2538,2497,2492,2507,2497,2483,2517,2506,2483,2502,2504,2492,2518,2484,2491,2486,2468,2504,2487,2493,2477,2482,2500,2466,2490,2503,2498,2477,2488,2494,2528,2533,2528,2486,2464,2525,2527,2509,2534,2514,2502,2497,2508,2507,2511,2470,2490,2497,2459,2481,2505,2453,2467,2449,2452,2495,2479,2465,2474,2453,2478,2447,2471,2451,2426,2462,2476,2442,2455,2474,2486,2448,2467,2437,2481,2472,2474,2475,2482,2428,2448,2444,2432,2456,2474,2486,2473,2447,2465,2452,2452,2464,2452,2458,2425,2441,2401,2463,2453,2433,2455,2393,2428,2422,2437,2435,2432,2430,2412,2447,2416,2411,2417,2399,2408,2435,2397,2413,2421,2384,2391,2369,2419,2400,2376
26762,26320,25696,25282,24671,24528,24099,23834,23890,23548,23352,23000,22532,22393,22061,21912,21391,21391,21090,20938,20794,20693,20806,20648,20305,20547,20389,20267,20115,20108,19978,19883,19828,19733,19682,19574,19317,19186,19293,19290,19223,19341,19151,19110,19151,19129,19116,19154,18926,19194,19222,19395,19260,19350,19036,19126,19024,18931,18875,18932,18842,18905,18964,19096,19059,18918,18856,18846,18950,18929,18931,18748,18707,18785,18723,18750,18653,18574,18684,18717,18548,18695,18574,18581,18487,18650,18587,18683,18709,18653,18614,18660,18721,18536,18597,18517,18708,18561,18795,18720,18679,18556,18756,18646,18862,18719,18724,18660,18821,18865,18853,18780,18928,19021,18707,18872,18806,18907,18835,18919,18824,18879,18980,18850,18847,18857,18928,18869,18767,18846,18687,18869,18843,18632,18877,18738,18848,18809,18762,18738,18743,18787,18920,18816,18737,18876,19078,19038,18945,18954,19025,18883,18936,18992,18937,19012,19008,19191,19011,19022,18948,19111,19179,19176,19034,19340,19226,19363,19292,19322,19276,19215,19277,19266,19249,19383,19334,19265,19247,19274,19385,19271,19172,19502,19446,19377,19339,19408,19469,19515,19276,19350,19422,19333,19451,19404,19553,19396,19414,19322,19466,19559,19322,19256,19354,19551,19351,19398,19243,19299,19432,19405,19439,19411,19337,19315,19406,19331,19398,19482,19309,19334,19383,19355,19267,19278,19256,19288,19216,19195,19210,19103,19167,19178,19065,18900,18976,19173,19126,18917,18808,19033,18868,18809,18941,18787,18776,18803,18957,18777,18821,18878,18960,18833,18903,19034,18872,18817,18760,18802,18722,18787,18694,18390,18264,18262,18079,18122,17773,17752,17589,17575,17507,17170,16970,16895,16701,16859,16608,16539,16423,16420,16413,16203,16058,16138,16094,15889,15749,15763,15729,15830,15824,15604,15550,15588,15575,15527,15578,15568,15394,15249,15485,15378,15339,15269,15176,15162,15215,15187,15075,14928,15078,15161,15036,15107,14981,15161,15078,15052,15074,14973,14880,14943,14940,14873,14801,14814,14892,14895,14891,14986,14853,14787,14892,14879,14795,14863,14922,14783,14944,14837,14812,14797,14807,14935,14805,14800,14891,14820,14744,14741,14879,14748,14808,14852,14927,15027,14948,15023,14872,14946,14847,14875,14888,14813,14715,14716,14697,14727,14743,14843,14795,14738,14587,14604,14673,14441,14496,14470,14437,14532,14297,14492,14364,14415,14519,14326,14465,14236,14418,14258,14261,14382,14307,14125,14302,14209,14176,14277,14219,14175,14328,14239,14274,14236,14094,14243,14112,14193,14168,14076,14109,14125,14063,14026,14005,14144,14057,14051,14163,14061,14165,14071,14116,14022,14036,14095,14125,14011,14031,13944,13993,14108,13918,13988,14003,14042,13947,14039,14005,14079,14019,13940,13994,14004,14106,13985,13942,13903,14030,13948,13915,13997,13996,13911,14069,14025,13830,13894,13860,13951,13920,14026,13773,13983,13862,13907,13828,14015,13886,13929,13899,13877,13936,13864,13914,13878,13862,13982,13788,13799,13896,13925,13704,13865,13825,13907,13741,13694,13936,13754,13802,13878,13719,13830,13737,13695,13711,13709,13747,13725,13850,13781,13765,13874,13963,13855,13798,13851,13851,13819,13906,13971,13914,13911,14088,13996,13983,14015,13968,13975,14056,14051,13962,13979,13968,14083,14113,14034,14148,14175,14172,14092,14236,14160,14077,14062,14071,14126,13906,14077,13988,14073,14033,14064,14077,13966,13885,13987,13958,13947,13907,13840,14003,13987,13873,13981,13869,13902,13777,14015,13925,13813,13799,13867,13784,13719,13787,13796,13748,13541,13811,13597,13563,13563,13641,13545,13557,13558,13575,13523,13525,13440,13395,13484,13403,13348,13329,13463,13345,13247,13335,13323,13236,13249,13258,13246,13101,13225,13212,13038,13111,13121,13089,13200,13116,13016,13173,13045,13164,13147,13204,13063,13122,13149,13122,13197,13099,13144,13232,13070,13235,13127,13053,13094,13157,13108,13083,13011,13130,13027,13239,13059,13031,13132,13109,12921,13035,12891,12897,13004,13052,12894,13037,12890,12919,13001,12867,13010,12851,12999,12828,12908,13051,12935,12846,12872,12886,12950,12940,12884,12919,12920,12885,12888,12785,12823,12814,12785,12761,12719,12715,12642,12660,12650,12555,12645,12551,12629,12639,12617,12751,12603,12611,12617,12605,12590,12619,12591,12490,12618,12491,12518,12518,12373,12554,12495,12611,12407,12558,12436,12458,12387,12400,12500,12444,12376,12439,12365,12412,12301,12411,12444,12381,12387,12457,12516,12323,12492,12384,12586,12482,12593,12500,12502,12491,12467,12566,12576,12445,12565,12433,12360,12370,12416,12373,12304,12340,12293,12263,12333,12358,12323,12372,12395,12411,12383,12417,12422,12345,12356,12508,12380,12467,12373,12426,12511,12518,12402,12323,12299,12271,12345,12399,12281,12354,12359,12371,12354,12403,12342,12354,12376,12439,12381,12435,12273,12276,12259,12412,12184,12322,12253,12214,12271,12248,12214,12258,12241,12263,12283,12189,12168,12222,12208,12170,12122,12138,12182,12348,12192,12055,12072,12209,12080,12010,12107,11999,12184,12023,11950,12022,12048,12087,12022,12028,12095,11893,12006,11954,11941,12066,12020,11918,11894,11960,12023,11886,11973,11921,11977,11835,11794,11891,11828,11743,11801,11784,12019,11891,11964,11851,11895,11908,11927,11899,11854,11815,11829,11802,11808,11894,11922,11810,11783,11707,11698,11796,11799,11672,11754,11634,11705,11773,11699,11675,11687,11655,11606,11612,11659,11651,11709,11627,11685,11649,11646,11632,11608,11646,11622,11471,11490,11505,11486,11495,11526,11617,11596,11548,11550,11525,11614,11567,11553,11576,11604,11573,11533,11455,11511,11416,11537,11562,11503,11520,11529,11587,11468,11396,11627,11409,11469,11537,11414,11477,11418,11479,11466,11566,11567,11550,11557,11482,11569,11428,11554,11515,11563,11454,11609,11432,11628,11493,11448,11430,11571,11587,11320,11666,11531,11610,11626,11502,11525,11548,11505,11500,11525,11666,11662,11661,11519,11514,11649,11643,11506,11536,11613,11639,11523,11628,11535,11549,11603,11641,11552,11540,11541,11566,11653,11534,11579,11554,11569,11545,11608,11456,11529,11507,11483,11464,11583,11431,11370,11541,11399,11470,11429,11419,11451,11379,11438,11362,11338,11262,11333,11330,11312,11339,11367,11348,11299,11269,11352,11300,11308,11246,11318,11243,11273,11251,11274,11254,11267,11317,11228,11340,11263,11249,11221,11343,11309,11177,11214,11047,11196,11107,11097,11137,11116,11067,11065,11012,11184,11132,11146,11013,10989,11083,11040,11097,11034,11130,11013,10962,11016,10967,11031,11128,10975,11009,10993,11039,11026,10929,11017,10748,10906,10934,10871,10879,10734,10881,10863,10771,10979,10798,10809,10944,10796,10834,10804,10744,10797,10775,10748,10751,10771,10680,10728,10582,10594,10647,10650,10639,10669,10644,10588,10526,10574,10572,10576,10520,10552,10540,10426,10493,10532,10347,10554,10406,10391,10460,10489,10515,10478,10477,10409,10471,10390,10461,10333,10457,10366,10453,10369,10348,10366,10319,10299,10405,10451,10518,10458,10323,10373,10387,10403,10377,10268,10331,10277,10391,10400,10308,10401,10361,10271,10368,10265,10230,10326,10211,10367,10347,10272,10307,10278,10320,10261,10279,10176,10281,10276,10303,10350,10286,10331,10327,10461,10303,10330,10369,10376,10337,10439,10366,10265,10317,10329,10238,10422,10390,10300,10273,10226,10285,10240,10206,10305,10248,10285,10202,10240,10199,10278,10264,10203,10158,10145,10161,10135,10084,10126,10064,10128,10034,10066,9950,9959,9996,9963,9962,10008,9788,9920,9857,9913,9890,9810,9847,9826,9823,9810,9780,9789,9767,9839,9790,9778,9816,9813,9722,9697,9690,9794,9712,9780,9592,9808,9698,9653,9643,9749,9653,9630,9743,9621,9668,9720,9682,9658,9652,9649,9619,9682,9635,9672,9612,9566,9668,9613,9573,9699,9583,9573,9610,9574,9621,9563,9575,9574,9583,9413,9475,9492,9550,9523,9591,9541,9524,9601,9631,9506,9603,9588,9484,9533,9523,9591,9555,9433,9506,9562,9536,9543,9480,9495,9426,9578,9370,9452,9443,9395,9515,9370,9441,9439,9451,9366,9392,9374,9390,9290,9379,9413,9406,9448,9301,9474,9318,9376,9341,9413,9425,9383,9314,9404,9292,9274,9326,9274,9205,9244,9218,9254,9318,9336,9183,9177,9234,9251,9332,9240,9317,9243,9191,9253,9277,9308,9250,9251,9195,9246,9267,9249,9200,9086,9111,9196,9095,9198,9147,9128,8992,9027,8997,9015,9006,9072,8966,9081,9082,9132,9042,9098,9033,8983,9031,8992,9054,9046,9079,9008,8995,8985,9059,8964,8997,9048,8995,8989,9018,8920,9064,8978,9057,9029,9136,9009,9023,8974,8977,8956,9093,8994,9031,9030,8921,8923,8904,8943,8859,8799,8951,8913,8930,8840,8769,8833,8824,8955,8820,8730,8745,8701,8731,8730,8733,8777,8663,8665,8755,8653,8626,8699,8585,8629,8657,8584,8655,8602,8607,8675,8624,8672,8547,8593,8609,8621,8482,8609,8578,8487,8481,8432,8377,8428,8360,8487,8359,8409,8388,8373,8323,8389,8311,8420,8416,8350,8399,8326,8358,8316,8309,8335,8335,8416,8442,8311,8271,8327,8308,8297,8232,8225,8225,8154,8149,8118,8182,8151,8064,8039,8119,8123,8053,8023,8063,8099,8127,8139,8024,8169,8107,8215,8086,8169,8171,8054,8031,8126,8020,8010,8038,8023,8005,7989,8056,7875,7890,8010,7938,7859,7862,7851,7820,7846,7886,7804,7867,7899,7802,7867,7689,7832,7838,7768,7841,7782,7852,7786,7885,7794,7893,7822,7829,7846,7806,7784,7741,7687,7732,7677,7716,7720,7695,7704,7589,7661,7717,7708,7747,7691,7643,7669,7688,7672,7738,7674,7688,7737,7587,7657,7675,7623,7727,7706,7666,7676,7708,7713,7659,7658,7645,7678,7687,7670,7628,7645,7584,7652,7522,7608,7550,7559,7476,7582,7534,7516,7560,7512,7487,7543,7572,7511,7522,7623,7547,7461,7552,7506,7580,7539,7631,7579,7554,7537,7555,7458,7497,7517,7485,7482,7465,7491,7459,7351,7345,7398,7359,7517,7391,7433,7255,7344,7315,7346,7261,7312,7370,7264,7354,7284,7335,7291,7347,7386,7289,7259,7308,7414,7336,7336,7269,7334,7210,7304,7299,7202,7288,7272,7201,7150,7235,7229,7196,7231,7193,7187,7057,7102,7125,7133,7150,7058,7061,7114,7135,7008,7105,7057,7032,7054,7050,7096,7053,7029,7070,7043,7132,7159,7088,7043,7103,7106,7058,7062,6993,6971,7038,7062,6949,6987,7003,6922,6958,6878,6850,6923,6946,6860,6786,6849,6839,6901,6845,6916,6882,6772,6791,6799,6829,6885,6884,6887,6790,6866,6846,6986,6869,6857,6960,6951,6923,6817,6878,6873,6856,6854,6855,6869,6888,6879,6859,6839,6741,6888,6775,6716,6727,6763,6791,6679,6704,6645,6785,6675,6716,6740,6730,6675,6770,6714,6768,6758,6787,6757,6765,6672,6735,6757,6730,6763,6725,6786,6772,6723,6688,6738,6697,6724,6766,6687,6690,6775,6724,6570,6568,6645,6559,6590,6572,6596,6541,6488,6528,6536,6572,6540,6506,6463,6507,6480,6451,6472,6454,6395,6487,6449,6417,6456,6454,6363,6421,6487,6459,6504,6395,6498,6449,6423,6434,6407,6507,6440,6404,6435,6449,6318,6346,6350,6320,6259,6337,6266,6246,6226,6243,6260,6209,6300,6271,6223,6194,6173,6157,6178,6161,6239,6168,6237,6173,6183,6140,6262,6163,6203,6151,6211,6176,6213,6213,6206,6192,6204,6143,6170,6139,6195,6226,6153,6107,6159,6086,6104,6094,6164,6119,6140,6101,6122,6026,6094,5995,6075,6045,6055,6025,6032,6051,6046,6011,5974,5962,5968,6006,5994,5935,5972,5935,5872,5951,5981,5938,5988,6001,5969,5987,6036,6054,5990,6038,6068,6060,6056,6056,6054,6028,6016,6117,6100,6006,6039,5984,6071,5941,5992,5949,6020,5982,5955,5969,5990,5916,5908,5923,5865,5811,5830,5867,5844,5846,5792,5770,5883,5785,5837,5850,5765,5859,5790,5841,5764,5811,5788,5833,5774,5810,5841,5859,5883,5797,5888,5875,5803,5845,5894,5823,5831,5885,5799,5792,5845,5809,5905,5779,5786,5800,5813,5827,5716,5768,5792,5734,5707,5727,5747,5686,5661,5686,5601,5665,5628,5609,5581,5619,5667,5600,5610,5566,5511,5528,5488,5561,5613,5587,5546
10505,10437,10453,10532,10452,10440,10483,10387,10536,10457,10499,10429,10450,10559,10364,10507,10497,10513,10391,10451,10480,10540,10500,10393,10445,10531,10383,10395,10425,10510,10403,10504,10449,10303,10447,10348,10366,10317,10308,10301,10306,10351,10311,10357,10339,10252,10348,10333,10358,10356,10298,10329,10421,10420,10308,10291,10351,10374,10370,10401,10304,10352,10304,10408,10351,10357,10328,10405,10379,10294,10276,10249,10314,10348,10323,10209,10220,10276,10356,10250,10201,10204,10229,10255,10212,10183,10147,10207,10232,10124,10159,10092,9993,10184,10104,10067,10074,10035,10135,10058,10105,10054,10195,10214,10099,10155,10178,10091,10103,10097,10105,10067,10075,10060,10056,10116,10064,10013,10113,9947,10048,10014,9980,9969,9898,10003,10023,10017,9842,9876,9881,9823,9916,9918,9903,9897,9870,9869,9836,9877,9815,9765,9815,9787,9815,9821,9840,9806,9762,9797,9799,9718,9878,9732,9729,9670,9788,9785,9849,9894,9752,9767,9753,9826,9797,9791,9712,9792,9667,9736,9702,9671,9749,9779,9859,9734,9806,9744,9672,9680,9549,9661,9709,9621,9600,9649,9680,9588,9605,9587,9551,9677,9552,9643,9655,9570,9577,9527,9503,9525,9560,9549,9622,9485,9579,9496,9509,9541,9529,9513,9502,9495,9423,9472,9483,9434,9441,9491,9481,9561,9482,9492,9438,9401,9425,9530,9452,9438,9423,9348,9405,9442,9401,9494,9366,9373,9426,9324,9369,9423,9371,9372,9432,9285,9354,9322,9281,9401,9267,9443,9316,9233,9353,9290,9356,9196,9275,9334,9310,9240,9190,9256,9238,9158,9198,9160,9267,9167,9084,9089,9121,9110,9100,9148,9161,9031,9069,9031,9024,9094,9016,9084,9099,9005,9031,9098,9110,9103,9082,9094,9021,8953,9023,8941,9000,9039,9012,8995,8927,8948,8934,9035,8986,8929,9035,8933,8928,8961,8955,8894,8948,8930,8879,8930,8836,8920,8918,8799,8837,8853,8857,8832,8866,8822,8764,8828,8805,8832,8744,8809,8722,8786,8698,8708,8717,8678,8579,8631,8765,8657,8624,8636,8664,8597,8653,8589,8598,8633,8672,8560,8608,8639,8589,8558,8594,8580,8570,8557,8625,8563,8549,8553,8505,8580,8548,8555,8529,8529,8511,8535,8502,8523,8523,8481,8438,8396,8455,8465,8489,8546,8439,8505,8477,8478,8506,8531,8371,8444,8382,8444,8434,8381,8445,8409,8358,8386,8449,8422,8355,8391,8332,8368,8346,8373,8343,8387,8363,8323,8363,8427,8373,8407,8498,8383,8415,8432,8410,8468,8467,8460,8435,8428,8352,8332,8432,8386,8422,8409,8342,8426,8469,8420,8428,8318,8491,8471,8381,8360,8444,8361,8469,8401,8525,8505,8455,8431,8462,8432,8391,8511,8372,8365,8329,8435,8466,8417,8368,8410,8317,8344,8355,8304,8313,8375,8360,8353,8346,8379,8217,8340,8295,8340,8232,8304,8340,8271,8273,8381,8210,8252,8218,8289,8220,8244,8220,8256,8321,8190,8284,8214,8266,8246,8218,8274,8261,8173,8214,8259,8262,8193,8173,8160,8157,8159,8217,8101,8028,8036,8069,8166,8037,8001,8006,8024,7968,7862,7873,7924,7861,7849,7778,7833,7867,7891,7865,7907,7839,7869,7799,7808,7736,7749,7726,7776,7692,7791,7690,7767,7699,7611,7621,7641,7676,7615,7619,7656,7533,7645,7585,7521,7536,7572,7562,7558,7483,7540,7430,7478,7507,7409,7521,7428,7408,7380,7441,7430,7371,7482,7367,7380,7396,7375,7299,7387,7339,7425,7355,7252,7292,7317,7215,7167,7310,7318,7218,7195,7222,7184,7218,7201,7199,7165,7207,7209,7175,7271,7219,7176,7189,7144,7239,7152,7130,7209,7189,7155,7088,7113,7279,7222,7141,7140,7167,7197,7092,7120,7040,7092,7170,7082,7068,7105,7127,7073,7133,7066,7007,7060,6990,6927,7017,7047,7020,6997,7013,7015,6969,6973,7130,7010,7052,6941,6966,6988,6883,6999,6933,6921,6940,6925,6889,6953,6941,6872,6887,6949,6929,6848,6789,6877,6872,6869,6813,6926,6837,6826,6847,6767,6821,6829,6717,6810,6736,6796,6816,6731,6653,6678,6707,6768,6723,6747,6779,6697,6742,6682,6663,6744,6681,6715,6676,6677,6662,6640,6633,6623,6633,6693,6591,6702,6613,6661,6627,6651,6622,6609,6702,6627,6610,6544,6566,6568,6564,6617,6497,6538,6572,6559,6524,6569,6501,6615,6555,6552,6587,6504,6584,6608,6517,6508,6497,6506,6498,6488,6492,6484,6519,6515,6506,6487,6413,6471,6443,6456,6507,6469,6515,6415,6455,6489,6463,6437,6459,6451,6337,6387,6412,6389,6414,6347,6336,6398,6437,6298,6311,6314,6418,6364,6266,6289,6363,6434,6298,6337,6348,6278,6329,6341,6271,6301,6257,6305,6230,6217,6223,6253,6311,6203,6219,6259,6193,6228,6252,6220,6266,6222,6255,6166,6175,6228,6093,6246,6180,6109,6125,6107,6133,6115,6034,6089,6085,6137,6178,6131,6144,6149,6072,6066,6138,6095,6059,6160,6064,6128,6087,6064,6057,6023,6092,6082,6048,6025,6099,6001,6101,6050,6074,6059,6009,6037,6005,6101,6036,6016,5960,6012,5942,5993,5921,5897,5987,5957,5916,5940,5927,5914,5876,5870,5913,5920,5959,5893,5908,5883,5884,5839,5883,5838,5836,5879,5849,5842,5806,5805,5843,5775,5801,5855,5793,5816,5761,5756,5805,5778,5746,5719,5739,5738,5784,5734,5715,5690,5712,5678,5638,5717,5701,5691,5659,5627,5732,5680,5647,5646,5643,5664,5688,5598,5673,5661,5676,5609,5572,5640,5550,5659,5664,5534,5573,5600,5579,5515,5642,5617,5524,5557,5581,5570,5606,5594,5569,5545,5520,5529,5554,5489,5551,5523,5438,5573,5520,5383,5507,5525,5480,5522,5546,5529,5451,5386,5475,5434,5467,5494,5439,5518,5426,5438,5456,5417,5445,5390,5437,5433,5388,5362,5424,5444,5365,5394,5409,5385,5346,5398,5374,5385,5311,5360,5356,5346,5360,5396,5359,5357,5293,5298,5349,5345,5280,5256,5306,5327,5306,5309,5278,5235,5232,5270,5240,5262,5266,5311,5273,5240,5201,5191,5231,5188,5179,5196,5191,5110,5200,5171,5137,5180,5166,5203,5165,5132,5080,5140,5116,5133,5098,5195,5062,5119,5077,5103,5117,5083,5031,5083,5117,5097,5080,5101,5082,4999,5035,5045,5130,4975,5047,5092,5098,5075,5018,5048,5030,4953,5065,4978,4979,4998,4952,5015,4950,4901,4959,4929,4921,4926,4934,4936,4916,4874,4993,4935,4933,4981,4934,4923,4887,4896,4881,4845,4861,4815,4879,4843,4852,4839,4806,4822,4844,4820,4786,4841,4824,4849,4818,4815,4759,4782,4836,4821,4744,4826,4762,4811,4765,4737,4754,4736,4775,4734,4745,4725,4707,4706,4709,4667,4699,4695,4713,4703,4667,4658,4663,4656,4605,4662,4659,4676,4633,4622,4640,4589,4668,4601,4635,4564,4623,4596,4574,4584,4617,4538,4546,4509,4498,4504,4578,4551,4467,4529,4590,4518,4521,4513,4578,4491,4531,4546,4454,4484,4533,4516,4507,4462,4524,4482,4459,4487,4534,4504,4475,4450,4494,4410,4493,4381,4410,4424,4478,4430,4381,4451,4464,4432,4379,4447,4451,4390,4335,4369,4466,4386,4412,4378,4333,4341,4352,4457,4331,4337,4316,4402,4343,4338,4311,4314,4290,4283,4365,4306,4298,4308,4345,4347,4326,4308,4291,4361,4269,4250,4285,4248,4289,4247,4264,4245,4262,4254,4276,4242,4249,4263,4199,4204,4192,4236,4167,4195,4176,4262,4273,4186,4196,4199,4139,4170,4167,4166,4169,4195,4180,4187,4156,4143,4157,4181,4162,4168,4126,4151,4121,4069,4084,4133,4123,4115,4151,4124,4097,4089,4037,4073,4104,4159,4096,4076,4128,4073,4049,4111,4081,4074,4109,4032,4077,4053,4101,4034,4071,4020,4068,4069,4072,4017,4059,4037,4005,3993,4010,4034,3984,4070,4051,3986,3991,4041,3983,3994,3968,4008,3991,3999,3973,3959,3959,3938,3977,3995,4009,3981,3986,3975,3973,3926,3904,3951,3919,3951,3958,3899,3925,3891,3861,3859,3910,3885,3884,3925,3852,3899,3833,3910,3890,3904,3894,3877,3927,3849,3858,3849,3819,3865,3891,3862,3833,3842,3836,3785,3824,3874,3739,3754,3822,3776,3788,3805,3729,3810,3802,3756,3841,3808,3808,3811,3760,3818,3750,3755,3745,3757,3735,3768,3723,3764,3749,3718,3729,3728,3723,3742,3748,3673,3709,3725,3706,3746,3692,3726,3714,3785,3682,3729,3661,3704,3695,3680,3697,3684,3703,3752,3677,3694,3701,3709,3651,3694,3661,3676,3640,3669,3671,3678,3672,3672,3643,3671,3655,3637,3612,3621,3621,3637,3673,3647,3653,3628,3688,3615,3678,3671,3669,3628,3656,3686,3686,3631,3633,3649,3582,3573,3555,3575,3611,3613,3619,3608,3595,3617,3591,3607,3603,3579,3617,3591,3595,3556,3600,3599,3620,3542,3578,3582,3585,3562,3565,3596,3574,3550,3545,3557,3542,3535,3490,3486,3512,3492,3576,3537,3475,3536,3514,3483,3467,3507,3459,3474,3440,3512,3507,3506,3480,3442,3532,3470,3519,3472,3464,3482,3443,3482,3445,3480,3444,3420,3405,3440,3445,3445,3421,3405,3453,3428,3363,3405,3333,3387,3428,3389,3393,3417,3402,3384,3429,3367,3454,3387,3383,3428,3404,3440,3366,3407,3373,3397,3357,3344,3381,3365,3323,3313,3323,3328,3343,3311,3394,3312,3293,3303,3275,3320,3323,3350,3334,3319,3320,3309,3322,3307,3311,3315,3330,3317,3363,3355,3339,3352,3387,3317,3329,3336,3273,3299,3308,3377,3309,3317,3289,3298,3307,3288,3314,3317,3323,3330,3335,3283,3238,3295,3265,3289,3269,3323,3306,3280,3261,3276,3259,3254,3276,3322,3246,3326,3275,3279,3259,3253,3273,3284,3233,3253,3208,3229,3172,3233,3235,3245,3183,3229,3193,3203,3182,3187,3179,3189,3167,3182,3200,3176,3174,3161,3204,3185,3161,3177,3214,3213,3152,3188,3149,3148,3160,3153,3172,3188,3171,3176,3120,3170,3139,3165,3168,3158,3133,3122,3106,3116,3132,3107,3107,3087,3118,3098,3099,3119,3075,3138,3086,3069,3092,3106,3044,3138,3099,3095,3117,3094,3109,3101,3101,3077,3054,3090,3088,3082,3060,3050,3063,3121,3057,3070,3039,3004,3075,3034,3014,3028,3017,3019,3053,3025,3057,3004,3025,3008,2998,3054,3044,3020,3050,2999,3017,3027,3005,3008,3078,2989,3035,3032,3018,2978,2988,3033,3004,3020,3035,2984,3053,3030,2992,3024,2986,2982,3016,3033,3008,2975,2974,2937,2944,2960,2956,2959,2993,2942,2990,2918,2959,2986,2993,2977,2991,2951,2969,2996,2965,2968,2954,2971,2945,2937,2950,2995,2972,2957,2951,2975,2917,2965,2914,2936,2950,2942,2926,2938,2930,2928,2894,2934,2904,2921,2918,2903,2911,2917,2879,2866,2849,2850,2868,2883,2878,2909,2876,2859,2879,2872,2890,2875,2851,2842,2887,2863,2853,2897,2858,2856,2854,2862,2881,2870,2846,2814,2835,2865,2825,2827,2819,2814,2826,2807,2794,2838,2807,2780,2818,2781,2791,2792,2761,2798,2754,2792,2785,2796,2779,2817,2794,2790,2803,2810,2780,2813,2786,2795,2761,2835,2780,2779,2767,2769,2756,2791,2775,2750,2803,2752,2814,2786,2758,2751,2763,2766,2767,2792,2755,2754,2766,2728,2695,2737,2739,2747,2726,2753,2694,2746,2722,2754,2708,2717,2720,2698,2727,2726,2706,2713,2731,2718,2710,2707,2746,2745,2718,2757,2731,2722,2726,2730,2712,2742,2750,2712,2699,2739,2735,2689,2726,2730,2707,2739,2733,2703,2727,2743,2720,2748,2723,2681,2697,2677,2683,2698,2695,2681,2677,2650,2725,2690,2663,2662,2706,2698,2670,2695,2687,2677,2683,2660,2675,2668,2704,2685,2676,2675,2679,2690,2684,2651,2708,2688,2679,2700,2707,2643,2699,2689,2723,2682,2668,2657,2680,2630,2694,2651,2676,2641,2634,2658,2634,2661,2634,2621,2623,2629,2608,2630,2617,2619,2616,2631,2629,2610,2624,2623,2622,2628,2581,2597,2592,2632,2619,2611
32604,31860,31192,30624,29660,29283,28901,28200,28251,27786,27252,26905,26481,26137,25614,25222,25114,24872,24502,24455,24065,24005,23769,23648,23428,23391,23410,23248,23237,23075,22890,22799,22707,22625,22331,22232,22088,21830,21894,21910,21827,21778,21700,21643,21680,21511,21388,21720,21694,21715,21786,21804,21904,21551,21779,21681,21537,21451,21270,21225,21326,21332,21528,21482,21238,21417,21170,21302,21257,21170,21203,21127,21068,20929,20893,20975,20943,20822,20898,20940,21004,20694,20860,21011,20811,20896,20862,20800,20834,20961,20859,20985,20722,20777,20729,20901,20900,20853,20864,20920,20939,20850,20927,20948,20851,20819,20901,21039,21056,21044,21026,20968,21070,21116,21249,21173,21303,21245,21166,20850,21126,21103,21212,21133,21008,20984,20983,20986,20931,20913,20856,20957,20992,21037,21004,20964,20995,20864,20834,20965,20898,20820,20948,20793,20952,20944,21009,20840,20884,21124,21032,21059,21087,21243,21036,21325,21143,21154,21048,21308,21195,21110,21411,21272,21338,21329,21276,21380,21394,21330,21406,21390,21363,21254,21499,21339,21394,21422,21396,21488,21407,21542,21466,21567,21495,21485,21427,21378,21448,21496,21426,21452,21549,21395,21497,21518,21500,21471,21400,21525,21475,21410,21389,21381,21439,21443,21559,21488,21334,21392,21487,21423,21441,21356,21404,21432,21425,21465,21565,21446,21513,21371,21400,21404,21430,21289,21408,21225,21453,21389,21334,21337,21237,21343,21293,21200,21095,21152,21080,21056,21093,21120,21145,21135,20934,21066,20926,20936,20931,21055,20938,20975,20906,20941,20990,21093,20928,20980,20937,20781,20723,20891,20828,20670,20631,20280,20407,20233,20063,19904,19884,19778,19618,19372,19350,19312,18986,19138,19078,18857,18819,18772,18606,18425,18506,18424,18305,18363,18109,18107,18142,18174,17964,18058,18010,18070,17940,17909,17926,17678,17776,17634,17755,17830,17680,17704,17657,17608,17641,17490,17716,17520,17499,17499,17481,17498,17349,17465,17432,17395,17463,17581,17420,17412,17119,17407,17385,17256,17208,17263,17340,17294,17259,17120,17161,17108,17244,17159,17162,17168,17175,17209,17137,17170,17154,17242,17170,17143,17220,17178,17316,17180,17229,17223,17267,17321,17275,17174,17336,17265,17328,17388,17236,17261,17131,17325,17048,17200,17141,17093,17104,17044,17034,16957,17013,16861,16849,16943,16953,16877,17017,16831,16827,16771,16633,16810,16744,16788,16637,16649,16806,16750,16751,16805,16698,16753,16719,16589,16643,16615,16626,16522,16519,16627,16619,16485,16581,16526,16501,16451,16359,16435,16454,16619,16507,16560,16498,16304,16410,16376,16394,16445,16305,16376,16532,16457,16400,16399,16376,16355,16365,16411,16497,16460,16409,16375,16397,16374,16273,16359,16321,16334,16478,16348,16473,16321,16319,16371,16444,16416,16366,16396,16365,16487,16333,16400,16374,16248,16342,16438,16330,16393,16469,16352,16365,16340,16391,16413,16507,16396,16395,16336,16309,16231,16251,16266,16190,16284,16331,16298,16151,16156,16187,16344,16253,16175,16296,16202,16303,16173,16172,16124,16156,16226,16159,16164,16192,16068,16165,16107,16165,16043,16119,16126,16125,16071,16233,16123,16198,16252,16197,16145,16346,16236,16286,16385,16352,16312,16285,16396,16358,16266,16503,16396,16431,16386,16431,16379,16528,16385,16457,16513,16483,16330,16454,16398,16388,16526,16336,16348,16335,16426,16375,16327,16326,16345,16497,16396,16399,16412,16396,16435,16151,16219,16177,16360,16297,16226,16297,16230,16282,16316,16195,16083,16212,16153,16139,16220,16270,16055,16097,16131,16006,16081,16051,16158,16029,16058,16007,15975,15938,16031,15907,15933,15793,15759,15920,15888,15816,15747,15764,15867,15767,15726,15622,15681,15641,15675,15573,15567,15543,15538,15470,15673,15628,15604,15581,15524,15624,15628,15521,15603,15499,15601,15427,15527,15431,15573,15478,15636,15483,15623,15494,15530,15593,15604,15448,15652,15463,15506,15497,15471,15468,15429,15557,15347,15396,15495,15537,15413,15353,15529,15319,15390,15434,15373,15269,15334,15262,15383,15311,15469,15387,15256,15406,15256,15278,15314,15451,15381,15335,15432,15378,15332,15455,15298,15264,15179,15191,15113,15018,15059,15294,15100,15076,15106,15118,14975,15051,14973,15096,15003,14869,15053,14952,14927,14830,14966,14951,14866,14984,14949,14903,15015,14927,14789,14857,14805,14884,14823,14871,14842,14699,14800,14890,14758,14860,14891,14781,14794,14573,14767,14645,14579,14811,14727,14882,14771,14798,14819,14907,14702,14836,14979,15027,14943,14899,14958,14802,14915,14920,14737,14853,14904,14788,14808,14788,14672,14709,14654,14689,14713,14773,14704,14791,14851,14694,14657,14750,14791,14853,14791,14775,14764,14740,14823,14823,14682,14676,14763,14740,14712,14605,14629,14716,14548,14723,14731,14659,14698,14579,14781,14595,14540,14766,14733,14563,14574,14600,14522,14548,14678,14483,14484,14551,14569,14479,14505,14576,14528,14572,14446,14490,14517,14521,14469,14484,14457,14513,14476,14496,14483,14442,14226,14368,14312,14314,14385,14277,14322,14303,14291,14366,14323,14376,14352,14230,14343,14177,14236,14209,14351,14315,14151,14233,14233,14139,14091,14187,14329,14058,14218,14088,14076,14190,14072,14121,14111,14059,14155,14068,14231,14075,14195,14155,14189,14126,14063,14096,14112,14170,14119,14062,14154,13889,14039,13980,14004,13994,13946,13870,13852,13880,13851,13929,13873,13929,13865,13973,13845,13917,13797,13865,13810,13962,13821,13963,13838,13943,13953,13797,13832,13908,13800,13778,13787,13798,13759,13761,13778,13720,13665,13721,13839,13690,13758,13734,13679,13780,13714,13658,13655,13616,13633,13702,13648,13743,13683,13772,13651,13804,13639,13664,13629,13638,13767,13671,13911,13685,13840,13704,13712,13665,13655,13664,13683,13605,13794,13725,13703,13659,13828,13633,13730,13652,13744,13740,13715,13836,13681,13769,13691,13696,13687,13743,13814,13793,13800,13740,13789,13693,13900,13810,13710,13758,13738,13732,13759,13706,13707,13710,13627,13756,13711,13848,13744,13798,13792,13680,13831,13665,13787,13710,13656,13644,13776,13680,13752,13679,13672,13660,13626,13525,13660,13612,13750,13753,13663,13702,13656,13650,13675,13503,13581,13530,13607,13614,13493,13632,13453,13459,13585,13560,13572,13635,13382,13348,13554,13415,13385,13341,13423,13613,13501,13374,13488,13469,13441,13486,13467,13518,13449,13479,13330,13427,13316,13405,13416,13330,13252,13293,13253,13197,13207,13211,13245,13299,13400,13165,13245,13255,13241,13185,13266,13218,13224,13179,13247,13170,13175,13082,13144,13041,13147,13063,13242,13102,13109,13068,13099,13079,13145,13060,13015,13021,12991,13075,13040,13012,12971,13092,13078,12890,12805,12914,12720,12831,12962,12623,12736,12806,12800,12721,12771,12711,12765,12615,12668,12705,12740,12652,12724,12652,12579,12666,12546,12597,12579,12462,12562,12515,12610,12494,12590,12521,12571,12590,12459,12493,12563,12533,12379,12442,12447,12422,12474,12404,12331,12280,12435,12397,12451,12330,12286,12280,12389,12340,12265,12381,12340,12411,12329,12334,12319,12315,12321,12280,12363,12250,12293,12277,12214,12324,12314,12210,12168,12343,12207,12347,12297,12259,12272,12285,12323,12297,12316,12356,12401,12221,12359,12375,12292,12347,12468,12397,12461,12379,12390,12351,12407,12420,12565,12421,12407,12421,12366,12367,12337,12326,12344,12371,12262,12152,12198,12316,12268,12247,12359,12361,12134,12119,12257,12132,12207,12148,12047,12052,12086,11976,11966,11950,11897,11855,11852,11893,11801,11722,11748,11758,11945,11702,11787,11738,11795,11705,11644,11651,11585,11619,11726,11643,11731,11699,11668,11622,11634,11631,11589,11633,11586,11509,11561,11607,11521,11467,11532,11584,11481,11535,11503,11405,11504,11494,11543,11589,11490,11488,11503,11449,11503,11530,11527,11476,11437,11475,11428,11394,11449,11419,11285,11267,11369,11284,11351,11317,11299,11375,11404,11327,11428,11284,11288,11364,11402,11303,11430,11376,11304,11382,11304,11356,11259,11352,11325,11311,11351,11359,11335,11402,11340,11154,11123,11164,11132,11160,11276,11200,11225,11162,11185,11268,11164,11206,11162,11229,11114,11151,11133,11105,11206,11058,11243,11146,11262,11064,11145,11206,11135,11000,10995,11090,11066,11124,10929,11025,11006,10949,10993,11118,11026,10953,10926,11056,10910,10946,11106,11031,10935,10995,11074,11082,11007,11051,10968,11021,10916,11011,10965,10967,10903,10895,10918,10944,10819,10851,10795,10851,10863,10778,10700,10848,10773,10762,10765,10862,10785,10663,10718,10847,10661,10764,10763,10797,10728,10825,10751,10782,10770,10661,10764,10719,10721,10632,10760,10647,10781,10667,10681,10776,10768,10749,10737,10724,10798,10807,10745,10732,10713,10691,10726,10683,10690,10695,10609,10729,10610,10711,10568,10556,10622,10490,10477,10524,10467,10431,10480,10453,10469,10423,10370,10369,10408,10324,10342,10263,10323,10348,10416,10307,10235,10240,10352,10277,10334,10349,10247,10227,10361,10221,10140,10126,10135,10230,10047,10092,10143,10143,9990,9970,10048,9968,9996,9970,10003,9931,9997,9972,9922,9879,9969,9929,9858,9879,9962,9943,9906,9890,9948,9919,9899,9869,9801,9905,9862,9840,9821,9795,9830,9658,9708,9799,9761,9633,9672,9744,9685,9723,9644,9560,9568,9553,9597,9658,9668,9601,9542,9751,9677,9593,9640,9577,9539,9571,9543,9504,9518,9505,9360,9493,9442,9418,9445,9387,9374,9410,9443,9325,9264,9278,9227,9303,9173,9268,9218,9199,9296,9337,9211,9282,9282,9325,9299,9323,9301,9232,9374,9223,9291,9263,9257,9358,9239,9134,9155,9134,9121,9090,9164,9060,9027,9040,9036,9119,9053,8989,9074,9050,9097,9055,9028,9110,9133,9175,9131,9142,9134,9082,9215,9118,9107,9143,9078,9060,9188,9237,9129,9119,9106,9084,9048,8935,9015,9037,8994,8943,8960,8971,8988,8887,8990,8991,8991,8966,8938,9000,8941,8939,8898,8933,8954,9003,8947,8901,8908,8975,8885,8843,8954,8823,8872,8884,8841,8877,8856,8963,8753,8739,8840,8766,8830,8665,8634,8719,8807,8591,8733,8754,8612,8645,8627,8744,8738,8738,8655,8683,8707,8691,8676,8646,8641,8631,8656,8716,8670,8753,8581,8667,8647,8710,8622,8596,8580,8613,8595,8575,8443,8597,8638,8489,8479,8554,8467,8459,8440,8358,8342,8499,8406,8380,8359,8336,8405,8295,8415,8354,8354,8246,8353,8379,8298,8329,8362,8299,8368,8400,8435,8343,8379,8290,8398,8220,8236,8215,8228,8224,8274,8260,8180,8197,8132,8122,8077,8031,8070,8173,8023,8132,8015,8114,8058,8031,8079,8084,8042,8028,8060,8060,8090,8108,8194,8088,8177,8138,8132,8192,8154,8162,8114,8107,8034,8219,8150,8103,8145,8075,8077,8088,8033,8048,7974,7981,8016,7959,7989,7893,7941,7858,7864,7919,7936,7906,7922,7984,7874,7979,8062,7950,7902,8041,7972,7889,7876,7936,7913,7907,7964,7956,7875,7997,7960,7969,7887,7894,7859,7960,7966,7915,7939,7917,7953,7785,7804,7818,7791,7791,7779,7857,7767,7825,7671,7659,7813,7700,7656,7603,7701,7652,7561,7677,7551,7628,7648,7614,7619,7571,7643,7607,7624,7655,7660,7695,7572,7546,7584,7610,7675,7569,7553,7545,7531,7556,7608,7405,7433,7435,7375,7408,7362,7380,7276,7356,7364,7348,7336,7345,7368,7334,7291,7286,7183,7269,7213,7254,7289,7242,7252,7257,7298,7270,7265,7281,7307,7299,7246,7218,7154,7188,7350,7293,7251,7279,7271,7215,7213,7151,7306,7250,7149,7189,7230,7081,7201,7139,7168,7098,7075,7037,7077,7090,7098,7014,7049,7097,7076,7059,6994,7041,6979,6993,6983,7070,6981,6992,6941,6960,6985,6934,6994,6969,6993,7065,7055,6964,7075,7034,7054,7085,7093,7074,7108,7002,7089,6964,7032,7093,7144,7073,7085,7034,7011,6999,7012,7024,6964,6912,6864,6986,6938,6862,6968,6927,6956,6844,6834,6833,6866,6792,6747,6838,6830,6817,6792,6828,6857,6818,6823,6838,6809,6876,6798,6861,6876,6806,6846,6739,6815,6794,6847,6803,6831,6822,6873,6886,6788,6844,6770,6799,6789,6829,6804,6741,6772,6673,6769,6664,6693,6702,6681,6710,6694,6597,6605,6589,6623,6629,6616,6578,6540,6502,6525,6567,6546,6535,6483,6516,6463,6480,6390,6475,6502
12239,12166,12182,12133,12133,12191,12273,12100,12294,12107,12199,12041,12207,12113,12161,12239,12166,12245,12170,12260,12092,12189,12150,12193,12122,12127,12168,12209,12121,12063,12174,12056,12083,12115,12100,11968,12202,12092,11988,11968,12109,11967,12070,11900,12041,11816,11955,12075,12023,11908,12057,12009,11936,11914,12142,12064,11985,11977,12012,12053,12132,12102,12079,12053,12003,11971,11974,12011,11987,12060,11934,12002,11975,12014,11935,11973,12006,11903,12007,11803,11878,11842,11912,11791,11906,11965,11863,11854,11760,11837,11848,11752,11753,11775,11786,11684,11629,11760,11859,11815,11781,11843,11659,11822,11745,11716,11867,11823,11812,11718,11643,11665,11746,11659,11730,11708,11653,11642,11710,11713,11710,11673,11662,11635,11589,11536,11569,11541,11631,11582,11570,11472,11568,11541,11545,11510,11550,11486,11426,11493,11370,11498,11464,11306,11368,11385,11448,11415,11423,11464,11474,11396,11363,11416,11229,11301,11375,11389,11356,11376,11354,11399,11439,11375,11415,11374,11255,11484,11375,11315,11308,11325,11258,11201,11374,11378,11413,11334,11373,11296,11224,11283,11346,11234,11225,11241,11166,11154,11186,11241,11243,11224,11090,11195,11167,11157,11100,11144,11106,11142,11077,11081,11096,11117,11132,11075,11037,10994,11106,11166,10995,11193,11078,11003,11041,11027,11062,11191,11200,10949,11086,10963,11123,10953,11042,11044,10923,10995,11015,10980,11032,10948,11024,11001,10912,11040,10929,10951,10931,10974,11015,10861,10934,10805,10932,10866,10952,10743,10782,10860,10740,10787,10764,10848,10844,10760,10725,10803,10759,10754,10674,10776,10839,10814,10635,10661,10707,10737,10625,10638,10641,10667,10687,10587,10621,10591,10580,10607,10508,10596,10632,10504,10506,10459,10526,10529,10594,10580,10577,10625,10447,10429,10517,10458,10521,10522,10470,10512,10528,10556,10516,10495,10394,10423,10433,10497,10453,10434,10434,10469,10439,10518,10403,10346,10376,10350,10401,10362,10313,10228,10231,10250,10236,10240,10235,10204,10273,10192,10162,10221,10147,10093,10240,10118,10145,10083,10196,10168,10028,10121,10082,10168,10075,9968,10105,10026,10084,9975,10057,10019,9966,10056,10015,9996,9995,9965,9995,10031,9972,10026,10064,10005,9933,9970,10022,9978,9980,9840,10008,9936,9928,9987,9853,9887,9910,9981,9923,10007,9831,9927,9882,9920,9895,9878,9819,9825,9861,9869,9717,9826,9744,9795,9688,9810,9751,9778,9734,9776,9840,9718,9748,9772,9775,9790,9685,9702,9750,9710,9669,9769,9811,9880,9717,9803,9766,9787,9816,9845,9896,9835,9844,9863,9760,9912,9811,9896,9855,9902,9763,9851,9845,9914,9774,9752,9790,9864,9771,9846,9843,9866,9802,9888,9767,9867,9854,9824,9814,9833,9873,9871,9876,9840,9688,9789,9809,9728,9842,9749,9714,9738,9798,9724,9810,9787,9767,9683,9665,9643,9762,9712,9676,9719,9657,9758,9659,9651,9696,9730,9650,9672,9571,9575,9659,9678,9643,9757,9726,9652,9684,9629,9679,9645,9648,9629,9741,9604,9589,9643,9561,9531,9518,9588,9515,9552,9515,9531,9522,9446,9411,9513,9392,9338,9337,9279,9289,9215,9239,9326,9261,9198,9147,9272,9126,9136,9162,9140,9104,9183,9143,9127,9120,9072,9116,9117,9005,9021,8951,8971,8961,8925,8998,8960,8916,8937,8858,8870,8820,8885,8842,8806,8903,8822,8774,8726,8782,8706,8716,8657,8680,8630,8618,8695,8581,8684,8639,8657,8646,8572,8588,8541,8587,8651,8551,8587,8511,8538,8498,8482,8414,8415,8569,8377,8419,8444,8371,8298,8359,8459,8303,8364,8312,8403,8292,8322,8337,8328,8378,8367,8334,8304,8404,8289,8351,8379,8309,8384,8284,8391,8281,8286,8284,8349,8312,8372,8308,8323,8302,8336,8281,8262,8237,8270,8222,8215,8149,8208,8209,8233,8180,8148,8158,8098,8161,8154,8156,8161,8128,8096,8144,8115,8201,8016,8142,8098,8074,8084,8102,8048,8019,8031,7976,7997,8007,7960,7947,8017,7978,8028,8031,8008,8005,7868,7842,7970,7979,7906,7865,7901,7933,7893,7914,7826,7820,7867,7813,7874,7849,7781,7841,7802,7792,7823,7841,7790,7775,7847,7765,7722,7740,7634,7749,7695,7716,7661,7610,7694,7719,7730,7739,7605,7694,7700,7672,7682,7685,7652,7693,7562,7646,7622,7659,7579,7552,7575,7609,7578,7677,7576,7577,7649,7547,7610,7539,7542,7564,7619,7516,7540,7625,7579,7628,7521,7523,7535,7478,7576,7565,7514,7497,7552,7519,7538,7520,7491,7545,7430,7410,7432,7476,7395,7529,7456,7384,7485,7381,7377,7434,7397,7428,7411,7362,7467,7367,7402,7272,7264,7343,7310,7337,7338,7341,7291,7316,7325,7260,7281,7299,7279,7385,7293,7207,7226,7244,7165,7309,7266,7267,7218,7175,7267,7243,7238,7124,7189,7206,7199,7160,7162,7178,7123,7135,7107,7159,7097,7083,7085,7053,7067,7048,7136,7107,7085,7075,7041,7117,7137,7182,6968,7027,7038,7087,6981,6987,7029,7092,6993,6960,7015,6941,7043,6995,6948,7037,6968,6998,6929,6881,7010,6950,6970,6924,6985,6936,6953,7012,6960,6866,6823,6876,6870,6915,6908,6850,6803,6889,6828,6816,6875,6881,6827,6834,6806,6832,6860,6796,6849,6771,6746,6830,6752,6665,6739,6727,6772,6684,6693,6710,6723,6662,6666,6600,6701,6663,6684,6647,6641,6610,6646,6587,6591,6598,6595,6634,6623,6536,6496,6581,6561,6534,6538,6587,6493,6504,6509,6457,6491,6459,6491,6459,6456,6442,6464,6357,6410,6423,6468,6462,6410,6463,6434,6423,6463,6442,6317,6397,6371,6436,6405,6385,6380,6332,6403,6410,6326,6402,6369,6351,6344,6349,6297,6309,6364,6330,6266,6342,6284,6283,6258,6274,6282,6270,6245,6253,6240,6347,6258,6341,6203,6229,6277,6220,6226,6205,6219,6325,6191,6233,6180,6160,6180,6173,6189,6246,6159,6178,6159,6128,6112,6142,6207,6111,6076,6096,6107,6159,6121,6046,6139,6083,6100,6139,6100,6075,6089,6022,6066,6052,5999,6037,6039,5954,6014,5999,6009,5961,5967,5923,5951,6006,5986,5915,6020,5971,5984,5982,5964,5899,5901,5947,5901,5990,5872,5930,5884,5825,5879,5934,5946,5810,5816,5780,5858,5788,5853,5761,5825,5776,5809,5791,5791,5870,5758,5811,5768,5731,5761,5819,5776,5810,5735,5707,5718,5715,5780,5712,5764,5718,5723,5701,5688,5623,5705,5681,5682,5734,5577,5638,5714,5641,5665,5668,5624,5601,5636,5653,5654,5639,5521,5577,5574,5577,5584,5598,5560,5536,5542,5490,5578,5556,5502,5467,5551,5484,5397,5507,5490,5484,5492,5436,5463,5501,5443,5395,5440,5443,5468,5334,5361,5413,5351,5395,5367,5445,5363,5394,5331,5325,5286,5327,5243,5263,5301,5248,5253,5332,5318,5280,5302,5269,5217,5216,5280,5231,5314,5235,5259,5176,5213,5192,5270,5234,5128,5149,5200,5146,5226,5210,5214,5173,5169,5171,5124,5138,5152,5144,5099,5130,5171,5089,5119,5138,5097,5112,5058,5108,5108,5091,5080,5022,5123,5058,5078,4986,5038,5070,5042,5019,5029,5083,5059,5008,5014,5035,4979,5051,4980,5004,5055,4963,5024,4970,4910,5015,4956,4950,4986,4987,5003,4946,4868,4993,4931,4952,4967,4945,4914,4904,4787,4899,4888,4927,4870,4890,4883,4878,4890,4865,4920,4903,4848,4891,4829,4824,4848,4806,4900,4802,4813,4804,4775,4784,4781,4821,4776,4763,4781,4773,4786,4731,4777,4797,4762,4698,4765,4723,4748,4808,4697,4726,4746,4788,4741,4711,4705,4710,4721,4705,4682,4665,4686,4703,4736,4757,4694,4651,4635,4660,4711,4649,4704,4676,4676,4662,4673,4638,4628,4620,4617,4625,4633,4600,4595,4658,4587,4596,4594,4645,4624,4587,4568,4587,4581,4534,4522,4531,4593,4538,4630,4595,4486,4555,4492,4540,4555,4528,4562,4527,4581,4471,4544,4457,4564,4541,4463,4515,4519,4520,4455,4480,4513,4466,4446,4453,4471,4455,4461,4450,4450,4414,4415,4412,4451,4405,4353,4415,4419,4367,4388,4439,4399,4418,4332,4397,4373,4331,4357,4384,4334,4353,4332,4305,4270,4314,4306,4308,4316,4292,4315,4349,4271,4252,4298,4305,4310,4242,4365,4250,4260,4264,4308,4283,4290,4269,4350,4231,4220,4240,4281,4236,4283,4240,4204,4228,4183,4202,4178,4152,4195,4179,4207,4237,4172,4240,4239,4184,4206,4209,4212,4196,4164,4237,4155,4165,4212,4178,4199,4180,4182,4143,4173,4162,4191,4152,4165,4155,4134,4119,4119,4117,4129,4112,4128,4137,4093,4158,4112,4102,4126,4112,4123,4093,4118,4096,4126,4097,4090,4151,4150,4105,4156,4044,4080,4088,4068,4062,4099,4047,4110,4062,4064,4059,3987,4049,4071,4024,4046,4030,4083,4039,4007,4032,4068,4030,4009,4056,4061,4016,4076,4030,4041,4011,4001,3969,4001,3971,3968,3991,3981,3989,3919,4009,3970,3935,3927,3970,3909,3930,3955,3958,3940,3936,3909,3942,3935,3941,3951,3963,3929,3926,3909,3888,3936,3931,3936,3891,3891,3876,3887,3915,3863,3893,3854,3861,3865,3863,3826,3836,3825,3854,3809,3788,3805,3842,3828,3812,3796,3743,3804,3853,3816,3797,3819,3806,3812,3836,3817,3842,3814,3771,3825,3768,3770,3788,3792,3761,3768,3714,3740,3676,3764,3746,3687,3764,3720,3743,3719,3762,3736,3712,3710,3725,3701,3741,3731,3749,3784,3722,3651,3692,3747,3781,3722,3705,3743,3744,3708,3736,3694,3643,3692,3703,3690,3683,3693,3660,3651,3662,3683,3677,3686,3677,3683,3594,3615,3653,3682,3668,3651,3638,3651,3628,3643,3627,3684,3641,3679,3628,3680,3695,3631,3656,3585,3602,3629,3665,3558,3601,3590,3581,3567,3596,3597,3616,3542,3544,3570,3523,3570,3526,3581,3563,3555,3479,3557,3548,3530,3566,3559,3569,3560,3561,3512,3537,3475,3575,3555,3555,3530,3534,3528,3504,3562,3500,3531,3524,3518,3526,3489,3495,3516,3445,3452,3456,3468,3448,3420,3475,3437,3449,3437,3406,3437,3416,3413,3450,3397,3367,3426,3421,3469,3415,3406,3430,3463,3363,3445,3367,3415,3449,3399,3384,3418,3408,3370,3367,3378,3383,3359,3388,3340,3357,3339,3359,3328,3314,3358,3347,3354,3301,3339,3320,3340,3360,3346,3349,3341,3374,3320,3373,3343,3377,3331,3357,3309,3360,3343,3330,3308,3379,3371,3326,3333,3369,3317,3317,3275,3360,3349,3271,3342,3320,3312,3267,3273,3297,3306,3297,3278,3280,3323,3305,3261,3279,3285,3279,3274,3274,3252,3291,3258,3269,3294,3285,3280,3276,3261,3242,3231,3261,3239,3262,3267,3283,3207,3254,3247,3244,3246,3227,3200,3226,3233,3228,3237,3215,3241,3198,3221,3203,3150,3178,3215,3165,3155,3194,3176,3142,3159,3113,3142,3179,3170,3176,3145,3164,3165,3145,3131,3172,3161,3165,3169,3172,3146,3171,3191,3106,3159,3131,3090,3145,3103,3115,3153,3103,3119,3086,3056,3054,3044,3100,3038,3086,3117,3093,3072,3117,3074,3094,3036,3039,3084,3030,3106,3029,3046,3072,3131,3035,3062,3083,3065,3035,3025,3041,3056,3094,3052,3021,3047,3070,3053,3010,3049,3045,3026,3050,3019,3055,3037,2999,3007,3041,3018,3012,2993,2994,3009,3035,2987,3026,3015,3014,3014,3013,2985,2990,2968,2984,2978,2963,2977,2971,2961,2959,2936,2963,2963,2942,3003,2973,2969,3011,2991,3012,2990,2987,2952,2992,2975,3002,2988,2976,2968,2983,2987,2947,2984,2962,2951,2990,3050,2973,2970,2964,2929,2929,2921,2930,2943,2926,2934,2928,2956,2945,2950,2911,2911,2948,2925,2918,2923,2890,2923,2909,2940,2935,2937,2948,2907,2928,2897,2872,2935,2893,2897,2863,2911,2911,2886,2874,2903,2916,2935,2915,2890,2934,2917,2904,2885,2896,2878,2910,2896,2873,2870,2913,2894,2844,2886,2877,2863,2873,2836,2856,2831,2846,2820,2819,2879,2838,2832,2837,2828,2841,2792,2764,2806,2798,2775
41222,40411,39430,38129,37551,36740,35817,35530,35051,34391,33890,33522,32691,32325,31827,31031,30804,30740,29940,30004,29501,29331,29132,28670,28598,28452,28292,28213,28146,27763,27479,27376,27351,27174,27078,26637,26527,26374,26444,26498,26356,26272,26162,26166,25953,25872,25777,25992,25827,25915,25982,26000,26165,25993,25891,25636,25569,25288,25442,25499,25249,25274,25407,25432,25314,25234,25116,25300,25286,25392,25196,24891,25041,24975,24855,24935,24894,24832,24883,24724,24581,24660,24670,24651,24632,24629,24461,24639,24520,24570,24552,24650,24510,24527,24466,24549,24621,24387,24508,24628,24547,24650,24502,24597,24512,24520,24526,24659,24603,24666,24845,24533,24455,24668,24651,24721,24777,24734,24534,24719,24634,24729,24563,24682,24592,24632,24581,24491,24502,24344,24506,24308,24519,24300,24474,24451,24371,24237,24273,24214,24175,24180,24097,24285,24308,24271,24190,24267,24304,24403,24559,24435,24419,24323,24356,24443,24517,24443,24603,24726,24607,24648,24580,24607,24828,24576,24594,24741,24606,24670,24504,24685,24711,24665,24649,24814,24802,24756,24726,24827,24792,24734,24608,24845,24882,24830,24843,24785,24815,24620,24732,24827,24613,24782,24743,24672,24758,24744,24785,24629,24739,24775,24779,24735,24878,24657,24715,24611,24780,24828,24762,24772,24778,24794,24736,24725,24695,24803,24746,24680,24787,24806,24795,24700,24683,24706,24701,24618,24836,24695,24595,24693,24704,24579,24747,24305,24500,24732,24380,24608,24669,24613,24428,24405,24399,24423,24375,24485,24361,24382,24203,24246,24472,24417,24382,24412,24517,24334,24454,24312,24290,24191,24240,24086,24074,23925,23823,23619,23624,23548,23217,23177,23001,23012,22903,22972,22818,22792,22573,22553,22416,22333,22172,22137,22112,22032,22015,22021,21809,21952,21803,21881,21706,21704,21671,21664,21740,21678,21546,21493,21607,21415,21358,21380,21464,21548,21436,21364,21407,21185,21359,21225,21354,21216,21318,21084,21177,21228,21202,21189,21179,21200,21132,21155,21202,21106,21079,21127,21061,21103,21045,21160,21039,21021,20969,20988,20944,20932,20861,21126,20956,20914,20728,21023,20975,21007,21062,20979,20991,20909,20867,21123,20905,20986,20906,20971,20962,21025,20989,20983,21003,20964,21058,21055,20726,20891,20787,21000,20946,20988,20946,20843,20967,20765,20740,20756,20678,20715,20722,20679,20808,20547,20529,20552,20588,20546,20352,20441,20492,20371,20635,20419,20364,20437,20508,20550,20408,20515,20325,20346,20290,20305,20305,20427,20378,20349,20133,20459,20105,20278,20172,20303,20244,20230,20150,20310,20054,20107,20229,20122,20016,20277,20164,20237,20224,20302,20160,20113,20154,20290,20209,20188,20265,20215,20196,20144,20179,20082,20166,20254,20159,20064,20246,20226,20083,20098,20091,20120,20154,20192,20156,20009,20223,20193,20139,20092,20108,20026,20221,20071,20029,19976,20385,20159,20098,20120,20188,20092,20112,19971,20244,20045,20067,19898,20051,20107,19982,19977,20088,19799,19916,19980,19955,19973,20014,19885,19848,19900,19954,19944,19891,20020,19931,19917,19930,19848,19759,19949,19680,19668,19723,19831,19751,19935,19861,19735,19848,19671,19923,19856,19804,19833,19954,19842,19924,19882,20010,19916,19859,20038,20127,19997,20116,19904,20038,20186,20008,19919,19936,19921,20054,19978,19957,19736,20115,20045,19957,20189,20013,19988,19837,19942,20108,19906,19894,20063,20015,19966,19880,19738,19955,19940,20007,20069,19869,19998,20082,19996,19975,20025,19841,19888,19765,19939,19845,19765,19809,19744,19841,19742,19703,19761,19740,19596,19600,19707,19653,19685,19580,19656,19648,19751,19657,19569,19543,19461,19599,19510,19460,19438,19598,19496,19366,19408,19314,19302,19441,19266,19270,19318,19227,19291,19291,19429,19225,19214,19248,19348,19278,19202,19228,19319,19277,19180,19148,19262,19237,19350,19325,19401,19314,19234,19205,19295,19278,19136,19218,19253,19023,19293,19067,19191,19134,19186,19232,19167,19187,19143,19042,19047,19124,19119,18959,19056,18987,19035,19079,19080,19146,19024,18915,19125,18945,18905,19005,18859,19072,19102,19067,19009,19077,18980,18956,19102,18963,18848,18928,18770,18836,18805,18770,18846,18800,18674,18855,18753,18611,18719,18585,18554,18566,18606,18537,18655,18594,18685,18536,18629,18539,18504,18505,18580,18429,18452,18505,18513,18431,18450,18372,18384,18423,18325,18331,18607,18340,18347,18372,18284,18179,18203,18216,18238,18241,18251,18238,18235,18501,18426,18212,18255,18384,18516,18480,18409,18457,18553,18344,18608,18569,18438,18345,18422,18461,18282,18105,18295,18327,18329,18193,18190,18322,18141,18250,18279,18198,18112,18299,18295,18300,18352,18199,18382,18432,18253,18313,18336,18286,18304,18231,18133,18256,18194,18301,18154,18042,18085,17952,18176,18268,18144,18225,18129,17990,18173,18215,17882,18040,17972,17971,17967,18055,17947,17986,18095,18059,17978,17936,18084,17925,17857,17920,17983,17817,17816,17764,17798,17794,17909,17826,17796,17747,17834,17756,17884,17679,17822,17715,17732,17659,17632,17706,17660,17600,17735,17598,17652,17465,17683,17536,17785,17736,17764,17654,17578,17656,17541,17539,17498,17554,17575,17531,17481,17545,17494,17357,17456,17496,17494,17364,17531,17549,17413,17471,17707,17529,17434,17525,17489,17572,17580,17478,17505,17543,17473,17425,17370,17284,17290,17281,17320,17149,17229,17244,17280,17236,17217,17144,17193,17134,17194,17147,17169,17205,17142,17061,17046,17153,17203,17152,17123,17051,17118,17072,17042,17086,17064,17034,17164,17003,17063,17021,16998,17048,16994,17023,17041,16980,17055,16971,16948,16880,16979,16879,16868,16902,16908,16922,16923,16896,16836,17024,16887,16744,16842,16965,16973,16762,16812,16999,16898,16921,16972,16901,16989,16821,16966,17072,16795,16917,17085,16964,16888,16963,16957,16871,16961,17033,16888,17006,17021,16928,17007,16888,17094,16975,17002,16979,16956,16913,16962,16962,17054,16922,17139,17027,17095,17157,17040,16920,16958,16935,17072,17108,17100,16999,17019,17120,16917,17045,16963,16982,16984,16938,17035,17047,17084,17006,16936,16929,16993,16897,16873,16960,16846,16934,16852,17003,16965,17027,16777,16830,16823,16951,16869,16922,16690,16946,16832,16814,16604,16800,16726,16675,16708,16686,16702,16655,16654,16829,16603,16651,16792,16624,16703,16640,16761,16806,16746,16751,16809,16605,16596,16557,16648,16565,16631,16617,16512,16718,16548,16411,16372,16439,16414,16444,16459,16419,16495,16354,16451,16489,16513,16348,16409,16360,16371,16337,16487,16335,16416,16213,16309,16246,16350,16316,16356,16273,16327,16225,16265,16258,16267,16184,16233,16203,16160,16299,16228,16107,16064,16137,16060,16038,16067,16079,16112,15852,15886,15856,15907,15772,15965,15836,15900,15829,15746,15686,15708,15734,15728,15620,15605,15587,15725,15617,15731,15662,15610,15452,15609,15617,15568,15563,15578,15481,15530,15600,15687,15433,15370,15437,15474,15317,15276,15180,15394,15420,15207,15378,15334,15352,15410,15477,15264,15279,15347,15193,15348,15422,15298,15264,15361,15365,15287,15446,15406,15296,15396,15323,15185,15207,15386,15275,15195,15243,15243,15240,15188,15198,15300,15363,15278,15265,15218,15234,15302,15358,15332,15275,15263,15338,15278,15362,15367,15382,15470,15355,15392,15323,15241,15226,15394,15299,15495,15421,15485,15217,15326,15234,15401,15236,15250,15239,15257,15118,15215,15149,15075,15281,15168,15188,15231,15085,15041,15003,14942,14967,14881,14888,14897,14735,14737,14597,14683,14586,14615,14496,14622,14788,14558,14586,14532,14528,14520,14493,14574,14467,14482,14364,14360,14282,14516,14470,14364,14425,14346,14313,14293,14304,14206,14212,14289,14159,14159,14199,14209,14150,14285,14168,14330,14207,14141,14271,14323,14170,14251,14167,14251,14267,14322,14043,14196,14117,14199,14237,14120,14008,14117,14051,13954,14032,14210,13937,14045,14136,14064,13963,14199,14034,14030,14133,14088,14098,14048,13931,14045,14064,14011,14055,14059,13909,14081,14013,14095,14066,14002,14047,13967,13994,13817,13826,13907,13898,13793,13703,13874,13903,13818,13811,13987,13844,13909,13764,13754,13792,13846,13776,13796,13809,13780,13755,13858,13867,13845,13746,13794,13622,13787,13812,13635,13631,13560,13620,13526,13684,13698,13671,13601,13625,13591,13607,13609,13626,13716,13681,13686,13670,13753,13667,13650,13705,13583,13600,13613,13563,13623,13483,13609,13596,13563,13509,13526,13399,13261,13433,13400,13338,13524,13379,13318,13307,13275,13202,13323,13237,13262,13326,13274,13335,13157,13395,13365,13285,13283,13379,13279,13255,13238,13293,13277,13211,13280,13211,13234,13343,13195,13241,13294,13348,13347,13411,13400,13329,13283,13386,13458,13381,13317,13304,13362,13246,13258,13145,13187,13232,13108,13158,13169,13106,13073,12971,13085,13022,12847,12955,12863,12918,12823,12963,12750,12788,12771,12812,12755,12807,12673,12724,12734,12636,12692,12725,12744,12746,12818,12740,12689,12659,12636,12658,12560,12512,12582,12580,12564,12402,12443,12502,12345,12370,12300,12352,12283,12188,12312,12223,12382,12251,12260,12249,12331,12278,12284,12260,12259,12386,12215,12258,12288,12146,12324,12219,12194,12174,12114,12072,12162,12029,12075,12124,11927,12069,11919,11862,12006,11891,11942,11888,11869,11806,11931,11893,11907,11908,11807,11770,11814,11898,11833,11856,11893,11835,11718,11736,11725,11717,11570,11696,11792,11682,11653,11639,11634,11616,11557,11571,11473,11385,11548,11456,11584,11526,11366,11412,11471,11499,11331,11482,11495,11411,11368,11451,11550,11456,11374,11480,11451,11589,11429,11468,11409,11518,11374,11440,11343,11319,11162,11264,11299,11312,11321,11296,11246,11234,11209,11208,11236,11314,11240,11210,11208,11206,11192,11207,11259,11190,11279,11358,11297,11149,11230,11199,11335,11309,11144,11364,11281,11348,11177,11125,11147,11218,11104,11038,11105,11071,11120,11088,11071,11005,11097,11013,10976,11118,11009,11035,11122,11015,11003,10996,11005,11015,11017,11018,10992,11008,11029,10952,11087,11097,11079,11122,11019,10923,10878,10864,10946,10858,10919,10874,10870,10791,10838,10855,10781,10703,10798,10719,10817,10643,10722,10640,10775,10777,10700,10733,10719,10638,10723,10677,10806,10618,10778,10706,10643,10668,10701,10584,10680,10611,10598,10554,10632,10581,10602,10613,10539,10631,10515,10490,10515,10485,10347,10322,10275,10319,10272,10390,10363,10426,10384,10186,10403,10451,10405,10328,10255,10289,10356,10203,10304,10270,10325,10427,10386,10299,10283,10326,10200,10343,10354,10206,10231,10189,10178,10268,10184,10082,10117,10085,10095,10068,10012,9993,9925,9965,9998,10020,10057,9936,9941,9953,9959,10036,9909,10011,9910,9928,10004,10054,10047,10051,10021,10058,10112,10047,10024,10082,10106,9941,10102,10055,10007,9977,10117,9974,10031,10059,9973,9895,9843,9955,9882,9736,9732,9799,9831,9807,9761,9784,9783,9796,9809,9796,9826,9792,9734,9843,9908,9779,9744,9809,9768,9719,9847,9857,9813,9862,9881,9822,9832,9923,9785,9781,9706,9717,9824,9758,9693,9739,9655,9668,9550,9609,9581,9627,9630,9494,9556,9607,9526,9503,9398,9379,9487,9385,9425,9326,9365,9335,9282,9256,9433,9437,9403,9295,9279,9388,9348,9343,9327,9334,9307,9312,9344,9389,9342,9284,9281,9280,9300,9179,9279,9257,9158,9156,9039,8966,9026,9025,9008,8986,9042,9019,9023,9047,9021,9037,8966,8908,8850,8962,8861,8937,8957,8932,8968,8949,8972,8865,9036,8927,8935,8968,8979,8860,9009,8827,8843,8989,8926,8888,8970,8929,8960,8847,8900,8866,8819,8922,8764,8849,8766,8705,8699,8660,8681,8774,8755,8687,8640,8678,8736,8713,8645,8617,8722,8625,8522,8584,8563,8543,8632,8593,8529,8560,8511,8614,8639,8583,8523,8585,8666,8625,8611,8698,8659,8758,8697,8674,8652,8675,8641,8719,8631,8509,8595,8653,8629,8502,8683,8640,8474,8566,8505,8513,8509,8459,8387,8411,8415,8449,8358,8385,8408,8322,8317,8227,8329,8284,8433,8374,8313,8362,8298,8267,8227,8286,8356,8237,8380,8330,8295,8359,8277,8321,8264,8214,8356,8247,8354,8221,8352,8332,8268,8274,8381,8334,8310,8298,8231,8331,8270,8177,8202,8147,8158,8119,8165,8093,8124,8075,8045,8022,8024,8084,8052,8105,8041,7926,7960,7948,7966,7923,7944,7884,7908,7824,7878,7888,7903
14327,14270,14255,14335,14344,14356,14316,14227,14243,14368,14412,14387,14273,14390,14330,14380,14242,14353,14242,14336,14396,14344,14330,14374,14386,14423,14297,14392,14247,14272,14237,14303,14186,14359,14336,14356,14257,14259,14318,14234,14196,14201,14186,14174,14161,14118,14122,14042,14164,14106,14214,14229,14186,14210,14231,14122,14108,14143,14166,14256,14139,14259,14335,14243,14201,14320,14270,14224,14271,14197,14165,14118,14267,14161,13955,14053,14148,14141,14034,14019,14019,14105,14082,13997,14075,14085,13992,13983,13936,13881,13983,13943,13937,14009,13961,13931,13861,13881,14072,13955,13888,13957,13935,13891,13862,13832,13909,13897,13902,13751,13944,13900,13778,13918,13825,13858,13859,13837,13775,13849,13740,13733,13809,13767,13678,13751,13797,13575,13666,13687,13707,13678,13615,13586,13584,13644,13632,13633,13556,13592,13472,13453,13450,13438,13574,13383,13433,13373,13524,13521,13424,13417,13505,13493,13570,13463,13358,13424,13357,13488,13497,13439,13409,13301,13435,13390,13524,13386,13339,13456,13335,13301,13366,13471,13362,13308,13345,13281,13362,13300,13445,13361,13348,13341,13306,13393,13362,13230,13253,13237,13184,13288,13262,13354,13077,13267,13175,13063,13200,13063,13126,13243,13042,12940,13100,13101,13104,13231,13089,13141,13086,13058,13173,13056,13158,13147,13074,12986,13019,13129,13017,13004,12940,13014,12975,12915,13018,13039,12953,12942,13118,12970,13032,13034,12932,12966,12996,12914,12993,13054,12847,12806,12899,12881,12847,12906,12914,12965,12871,12885,12812,12766,12830,12762,12706,12697,12834,12749,12616,12687,12623,12635,12847,12567,12633,12575,12575,12611,12678,12561,12513,12453,12478,12558,12564,12443,12427,12437,12611,12449,12544,12509,12436,12486,12548,12389,12508,12516,12517,12394,12374,12439,12389,12438,12388,12301,12429,12411,12412,12388,12335,12370,12298,12337,12426,12302,12333,12303,12307,12319,12436,12210,12211,12265,12265,12160,12206,12208,12143,12297,12260,12189,12171,12079,12239,12023,12137,12032,12055,12060,12040,12023,12073,11965,12127,11925,11953,11918,11888,11932,11894,11989,11819,11881,11928,11862,11989,11821,11865,11846,11854,11848,11801,11884,11711,11925,11823,11714,11798,11818,11958,11728,11780,11590,11782,11790,11839,11858,11707,11790,11747,11628,11767,11713,11699,11740,11646,11721,11707,11573,11640,11593,11595,11770,11619,11624,11620,11591,11659,11592,11444,11623,11555,11535,11650,11671,11632,11612,11603,11525,11536,11561,11532,11597,11583,11515,11456,11635,11510,11610,11575,11601,11474,11556,11762,11650,11563,11656,11627,11668,11618,11704,11661,11612,11650,11645,11680,11697,11667,11627,11716,11685,11675,11611,11655,11582,11632,11772,11696,11735,11736,11653,11795,11783,11655,11734,11764,11808,11723,11691,11720,11764,11574,11627,11697,11678,11549,11649,11470,11726,11558,11638,11588,11588,11525,11589,11665,11551,11554,11608,11550,11470,11349,11518,11530,11485,11531,11472,11596,11472,11534,11463,11438,11545,11533,11527,11565,11513,11493,11516,11545,11547,11506,11511,11497,11409,11389,11462,11444,11483,11432,11374,11426,11329,11362,11258,11157,11310,11091,11202,11279,11064,11167,11070,11044,10991,10895,10974,11002,10885,10913,10968,10949,10895,10778,10850,10863,10811,10795,10674,10776,10745,10663,10668,10752,10748,10616,10695,10573,10625,10588,10635,10515,10512,10448,10535,10473,10344,10498,10414,10469,10349,10331,10352,10318,10295,10359,10302,10296,10359,10268,10148,10160,10261,10115,10220,10226,10205,10140,10093,10136,10088,10077,10021,10077,10043,10096,10055,9946,10040,10005,9927,9907,9943,9851,9871,9971,9920,9903,9841,9867,9938,9835,9860,9936,9798,9915,9798,9874,9965,9782,9854,9803,9803,9799,9788,9811,9782,9713,9821,9787,9834,9881,9749,9730,9666,9769,9719,9813,9771,9704,9747,9751,9698,9720,9731,9649,9579,9688,9637,9641,9490,9554,9622,9531,9629,9496,9603,9529,9519,9467,9476,9568,9498,9441,9457,9480,9480,9488,9382,9389,9417,9354,9454,9468,9345,9363,9343,9347,9462,9403,9291,9289,9201,9398,9326,9243,9212,9229,9305,9242,9229,9182,9326,9284,9230,9143,9188,9204,9223,9165,9066,9186,9151,9132,9118,9088,9153,9038,9027,9165,9086,8982,9059,9068,9100,9005,9115,9014,9029,8988,9048,8978,9035,9032,9123,8951,8996,8912,8880,8912,8991,8964,8875,9006,8951,8891,8894,8897,8951,8954,8885,8888,8897,8828,8828,8866,8929,8966,8953,8812,8841,8917,8854,8802,8712,8802,8952,8851,8766,8743,8706,8927,8783,8748,8741,8854,8786,8819,8735,8757,8778,8679,8732,8707,8709,8703,8635,8633,8645,8689,8699,8592,8642,8688,8612,8591,8558,8640,8643,8619,8633,8579,8490,8536,8580,8514,8512,8509,8535,8510,8495,8573,8582,8428,8499,8428,8437,8415,8335,8360,8472,8422,8428,8296,8428,8376,8352,8423,8444,8323,8396,8378,8379,8283,8300,8327,8349,8289,8352,8314,8308,8288,8396,8344,8290,8210,8210,8296,8218,8305,8279,8196,8338,8352,8233,8283,8273,8279,8350,8213,8238,8171,8187,8159,8192,8095,8242,8236,8157,8110,8085,8145,8131,8092,8123,8061,8034,8032,8089,8184,7999,8015,8015,7968,8086,8008,8009,7995,8015,8025,7976,8026,8021,7931,8037,7949,7914,7924,7930,7901,7865,7892,7960,7850,7843,7819,7784,7805,7794,7872,7747,7781,7751,7786,7734,7682,7785,7648,7648,7691,7678,7686,7629,7645,7676,7718,7642,7638,7597,7647,7572,7611,7530,7596,7644,7600,7566,7556,7566,7677,7639,7476,7549,7558,7592,7522,7474,7464,7457,7526,7498,7403,7486,7482,7403,7438,7462,7511,7471,7484,7453,7442,7338,7430,7411,7476,7426,7309,7316,7368,7393,7307,7424,7355,7455,7400,7363,7306,7418,7426,7298,7217,7217,7310,7322,7326,7311,7310,7260,7268,7225,7275,7212,7309,7232,7279,7245,7152,7214,7165,7213,7187,7210,7194,7251,7075,7131,7163,7127,7170,7170,7161,7144,7094,7112,7132,7120,7156,7064,7083,7062,7078,7034,7017,7020,7034,7028,6954,7045,7012,7000,7019,6956,7052,7006,6931,6943,6929,7002,7000,6896,6961,6963,6892,6882,6863,6896,6806,6899,6876,6903,6816,6839,6879,6961,6810,6815,6873,6867,6846,6826,6770,6721,6747,6784,6762,6731,6776,6728,6735,6711,6692,6782,6720,6674,6747,6628,6682,6599,6691,6635,6637,6643,6627,6579,6566,6572,6538,6544,6602,6561,6550,6578,6587,6569,6560,6609,6549,6610,6554,6553,6557,6491,6492,6539,6517,6523,6546,6464,6467,6431,6496,6438,6468,6381,6412,6471,6427,6453,6333,6321,6407,6297,6405,6302,6277,6371,6266,6303,6297,6296,6394,6199,6324,6287,6267,6285,6274,6259,6219,6228,6194,6171,6229,6204,6178,6232,6167,6156,6158,6119,6170,6152,6150,6157,6117,6052,6095,6102,6126,6112,6087,6053,6035,6075,6046,6013,6005,5951,6052,6028,5978,5962,5991,5960,5968,6056,5972,6012,5881,5987,5911,5937,5952,5908,5896,5966,5977,5855,5977,5946,5921,5950,5890,5926,5894,5908,5858,5843,5923,5838,5769,5802,5860,5755,5825,5827,5799,5835,5765,5841,5765,5719,5791,5812,5775,5785,5768,5804,5759,5776,5734,5783,5791,5700,5710,5710,5670,5673,5724,5702,5646,5638,5681,5708,5607,5643,5606,5620,5565,5606,5623,5671,5596,5644,5643,5636,5611,5606,5548,5497,5569,5561,5521,5587,5592,5642,5545,5538,5525,5540,5520,5471,5467,5467,5445,5483,5499,5485,5476,5453,5419,5448,5510,5466,5447,5431,5457,5487,5402,5340,5482,5446,5384,5384,5429,5374,5389,5326,5328,5370,5405,5372,5344,5329,5357,5357,5318,5345,5330,5341,5288,5362,5356,5297,5284,5323,5241,5280,5295,5323,5337,5298,5259,5263,5249,5229,5305,5256,5269,5216,5232,5167,5240,5276,5193,5253,5229,5238,5264,5148,5185,5180,5133,5195,5226,5222,5208,5260,5195,5170,5175,5143,5124,5180,5123,5175,5104,5088,5121,5086,5139,5116,5084,5027,5087,5073,5024,5025,5074,5062,5054,5068,5103,5066,5058,5089,5020,5004,5044,5061,5022,5041,5012,5011,4998,5037,4971,4964,4975,4921,4946,4980,4964,4932,4892,4905,4887,4944,4855,4854,4935,4864,4942,4914,4856,4900,4950,4864,4904,4842,4838,4895,4826,4881,4909,4840,4815,4802,4811,4761,4786,4723,4819,4817,4770,4806,4811,4810,4820,4801,4814,4734,4798,4726,4813,4762,4734,4780,4798,4737,4713,4743,4737,4695,4744,4717,4723,4742,4698,4736,4687,4730,4780,4755,4784,4684,4697,4677,4722,4715,4692,4718,4659,4690,4671,4715,4631,4625,4647,4690,4765,4751,4678,4652,4706,4697,4688,4669,4600,4664,4706,4642,4672,4651,4681,4597,4614,4665,4615,4626,4580,4575,4623,4588,4583,4605,4566,4541,4563,4592,4595,4567,4658,4623,4629,4584,4602,4553,4560,4527,4560,4568,4502,4509,4514,4526,4538,4491,4520,4562,4469,4468,4572,4470,4439,4433,4479,4468,4430,4465,4416,4440,4430,4455,4444,4444,4482,4453,4436,4417,4410,4463,4434,4399,4388,4420,4374,4417,4377,4405,4359,4349,4362,4327,4365,4331,4348,4324,4369,4312,4311,4364,4259,4303,4305,4308,4277,4250,4346,4249,4288,4285,4290,4298,4353,4281,4323,4336,4251,4306,4272,4246,4257,4229,4264,4231,4231,4207,4268,4271,4259,4187,4178,4188,4203,4208,4196,4187,4172,4242,4215,4167,4188,4274,4220,4241,4221,4240,4236,4208,4218,4209,4210,4189,4199,4255,4227,4168,4234,4131,4132,4145,4163,4155,4156,4111,4110,4142,4185,4121,4123,4135,4160,4156,4127,4152,4113,4182,4113,4166,4137,4108,4115,4118,4092,4096,4163,4121,4137,4093,4114,4143,4060,4087,4047,4111,4039,4013,4020,4042,4033,4057,4042,4003,3962,3980,3985,4013,4053,4009,4000,4019,4018,3970,3979,3997,3950,4029,3973,3988,3994,3941,3971,3942,3920,3998,3985,3958,3936,3930,3902,3989,3916,3981,3972,3965,3930,3914,3943,3922,3864,3838,3909,3876,3908,3845,3862,3899,3833,3842,3890,3819,3865,3830,3814,3819,3855,3888,3870,3880,3850,3881,3851,3853,3872,3803,3795,3840,3865,3823,3848,3810,3777,3790,3811,3840,3812,3795,3752,3755,3737,3721,3760,3718,3774,3745,3683,3776,3755,3722,3713,3707,3720,3691,3761,3738,3692,3727,3718,3693,3765,3768,3777,3697,3708,3724,3744,3742,3708,3699,3688,3754,3710,3681,3697,3766,3702,3712,3699,3669,3698,3662,3686,3609,3639,3657,3652,3649,3671,3706,3681,3664,3647,3658,3692,3628,3659,3650,3671,3641,3666,3639,3688,3668,3706,3674,3672,3695,3635,3641,3660,3676,3602,3628,3622,3617,3642,3578,3575,3542,3589,3575,3606,3602,3598,3550,3535,3527,3538,3519,3505,3513,3503,3555,3511,3544,3607,3536,3528,3482,3543,3521,3535,3500,3524,3527,3487,3514,3526,3497,3512,3496,3502,3529,3544,3488,3487,3534,3470,3465,3493,3447,3422,3427,3416,3424,3424,3416,3428,3395,3459,3377,3375,3379,3423,3400,3418,3412,3382,3350,3384,3364,3391,3463,3397,3383,3396,3397,3402,3396,3400,3398,3351,3342,3395,3382,3372,3370,3419,3347,3368,3340,3352,3332,3361,3397,3361,3342,3335,3319,3336,3298,3298,3296,3302,3304,3294,3301,3277,3335,3308,3309,3297,3305,3293,3276,3289,3285,3335,3266,3283,3194,3294,3250,3336,3301,3313,3307,3308,3226,3264,3296,3306,3263,3315,3306,3306,3258,3297,3283,3245,3297,3300,3251,3284,3297,3299,3285,3311,3291,3261,3248,3245,3260,3248,3213,3195,3228,3238,3258,3216,3235,3214,3226,3176,3167,3214,3212,3175,3250,3174,3194,3206,3205,3214,3208,3162,3216,3214,3191,3184,3214,3235,3195,3212,3190,3208,3216,3162,3190,3185,3211,3202,3187,3151,3185,3183,3183,3150,3150,3157,3154,3122,3155,3226,3169,3144,3156,3186,3148,3120,3105,3100,3121,3102,3093,3145,3092,3136,3092,3108,3097,3108,3049,3082,3099,3090,3056
50752,48896,47063,46133,44675,43454,42412,41876,40833,40328,39248,39022,38231,37367,36683,36367,35683,35079,34739,34234,33920,33604,33267,32948,32772,32356,32234,32141,31669,31467,31327,31163,30733,30809,30530,30276,29904,29741,29638,29432,29482,29426,29258,29116,28833,28764,28973,28683,28881,28795,28962,28881,28787,28654,28666,28495,28430,28285,28223,28040,27944,27893,28020,27817,27717,27844,27708,27770,27832,27689,27620,27607,27333,27131,27304,27134,27075,27010,27045,26950,27028,26953,26989,26757,26839,26769,26844,26722,26811,26810,26688,26723,26650,26615,26739,26577,26552,26552,26482,26569,26581,26520,26635,26457,26458,26379,26576,26537,26562,26650,26490,26519,26423,26496,26748,26650,26536,26517,26555,26563,26477,26307,26668,26537,26324,26348,26440,26238,26220,26259,26163,26207,26105,26157,26027,26074,25924,25888,25897,25925,25938,25719,25781,25894,25731,25834,25955,25785,25877,26053,25918,25911,25949,26076,26055,26114,26077,25957,25997,26105,26080,25976,26070,26289,26062,26013,26207,26064,26104,26076,26049,26088,26323,26259,26030,26358,26114,26368,26261,26280,26187,26249,26095,26289,26020,26227,26331,26115,26150,26109,26168,26167,26418,26320,26198,26183,26227,26301,26197,26387,26059,25969,26068,26080,26087,26048,26234,26144,26059,26209,25944,26104,26101,25997,26062,26107,26095,26342,26133,26173,26104,26093,26017,26150,26041,26143,26106,26202,26111,26118,26281,26135,26139,26090,26028,25948,26056,26030,26093,26074,25982,25949,26005,25898,25994,26036,26020,25812,25802,25792,25667,25854,25840,25919,25762,25732,25896,25801,25891,25656,25797,25756,25587,25545,25426,25483,25147,25206,25171,25057,24970,24804,24768,24716,24541,24554,24257,24467,24325,24136,24163,24189,23970,24063,23961,23731,23836,23882,23819,23792,23556,23650,23801,23514,23583,23446,23428,23626,23385,23470,23361,23337,23371,23235,23280,23426,23358,23221,22985,23259,23212,23341,23220,23186,23188,23135,23168,23101,23059,23028,22942,23130,23137,23074,23040,23063,23018,22991,23105,23069,22976,23068,23014,22945,22860,23016,22861,22874,22936,22749,22837,22999,22886,22835,22830,22770,22795,22762,22973,22903,22722,22849,22848,22960,22897,22895,22902,22799,22949,22927,22929,22830,22829,22584,22929,22793,22790,22748,22705,22696,22544,22625,22545,22765,22673,22735,22608,22533,22512,22490,22563,22512,22490,22440,22501,22483,22396,22459,22507,22306,22346,22261,22350,22179,22399,22379,22354,22409,22169,22123,22137,22115,22123,22166,22098,22168,22165,22113,22034,22107,21998,22069,21832,22005,22010,21966,21855,21916,22124,21915,22000,21926,21837,21822,22008,22025,21964,21900,21902,21844,21904,21948,21975,22156,21855,21907,21906,22006,21904,21958,22038,21934,22029,22171,21971,22133,21851,21979,22015,21975,22044,21934,22018,21999,22068,21988,21839,21716,21945,21868,21930,21845,21961,22080,21898,21934,21947,21989,22076,21929,21890,21811,21744,21844,21947,21857,21840,21666,21926,21922,21855,21886,21842,21835,21933,21852,21876,21745,21677,21716,21757,21845,21783,21740,21732,21826,21613,21742,21685,21698,21603,21663,21660,21740,21731,21572,21571,21640,21755,21657,21592,21766,21625,21636,21558,21433,21738,21550,21605,21805,21701,21726,21698,21798,21708,21767,21760,21719,21720,21638,21779,21726,21702,21824,21683,21584,21747,21720,21688,21691,21628,21709,21608,21720,21644,21796,21755,21895,21585,21851,21832,21789,21632,21671,21698,21717,21812,21645,21649,21629,21783,21650,21737,21863,21688,21626,21510,21702,21583,21748,21489,21604,21528,21579,21449,21511,21494,21421,21500,21393,21469,21439,21467,21331,21435,21463,21394,21405,21531,21405,21366,21484,21228,21307,21326,21395,21268,21228,21135,21165,21129,21158,21097,21205,21045,21181,20951,20994,21095,21054,21014,21168,21113,21125,21189,21106,21221,21225,21062,21171,21093,21074,21066,21051,21154,21190,21042,21248,21055,21197,21107,21311,21152,21090,21042,21045,21007,20967,21023,20822,20997,20990,20916,20976,20790,20803,20936,20869,20857,20959,20916,20950,20840,20884,20896,20941,20877,20795,20765,20896,20792,20816,20854,20836,20844,20791,20866,20842,20656,20627,20685,20763,20578,20607,20613,20634,20711,20546,20649,20543,20450,20349,20391,20496,20469,20284,20424,20438,20347,20236,20336,20343,20437,20426,20398,20138,20345,20328,20409,20317,20211,20204,20239,20374,20170,20147,20201,20180,20140,20002,20020,20126,20072,20070,20061,20170,20145,20099,20049,20260,20159,20120,20401,20476,20371,20371,20390,20328,20251,20380,20280,20156,20354,20188,20092,20150,20081,20099,19844,19979,20111,19933,20063,20157,20082,19906,20011,20021,19998,19987,20136,20137,20210,19972,19995,20127,19947,20144,19986,20131,20089,19909,19869,19748,19899,19949,19990,19948,19893,19883,19774,19924,19841,19813,19848,19844,19756,19684,19643,19673,19843,19700,19712,19774,19699,19689,19643,19748,19616,19674,19644,19638,19483,19570,19500,19406,19562,19667,19659,19555,19560,19556,19532,19510,19392,19516,19353,19454,19242,19446,19365,19401,19576,19267,19427,19426,19375,19420,19368,19408,19343,19297,19374,19271,19332,19141,19377,19345,19230,19365,19124,19273,19160,19163,19226,19266,19263,19268,19253,19233,19114,19382,19207,19303,19228,19203,19314,19511,19306,19248,19313,19085,19064,19076,19048,19057,19084,19082,18910,18956,18765,18882,18879,18943,18846,18861,18909,18767,18794,18817,18758,18860,18869,18866,18838,18788,18902,18846,18790,18875,18789,18870,18811,18640,18827,18722,18671,18603,18816,18538,18712,18680,18536,18685,18731,18643,18551,18574,18607,18631,18580,18629,18664,18665,18612,18479,18638,18539,18586,18480,18458,18430,18602,18510,18412,18619,18516,18658,18712,18662,18656,18675,18663,18671,18692,18679,18726,18718,18564,18660,18582,18430,18670,18702,18589,18620,18552,18545,18581,18580,18585,18642,18654,18616,18660,18798,18664,18639,18677,18755,18827,18795,18814,18639,18547,18741,18671,18791,18733,18761,18664,18788,18758,18797,18799,18694,18779,18806,18812,18673,18792,18665,18823,18777,18675,18568,18578,18671,18677,18692,18783,18728,18710,18738,18662,18683,18627,18712,18750,18660,18730,18626,18585,18558,18611,18485,18458,18591,18455,18500,18420,18568,18466,18519,18397,18553,18468,18386,18360,18306,18439,18432,18460,18429,18419,18503,18451,18436,18427,18408,18376,18445,18523,18212,18360,18458,18364,18282,18362,18288,18260,18115,18001,18283,18307,18226,18204,18306,18174,18080,18205,18123,18155,18190,18059,18111,18213,18028,18027,18143,18112,18005,18003,17996,17983,18068,17959,17948,18079,18003,17995,18017,18062,17883,17863,17974,17984,17938,17873,17838,17881,17764,17765,17947,17766,17617,17577,17558,17554,17571,17518,17533,17485,17387,17310,17333,17358,17292,17287,17324,17322,17185,17130,17169,17226,17139,17169,17126,17155,17137,17101,17119,17083,17199,17035,17059,17032,17105,17147,17250,17128,17010,16983,16978,17003,16889,16907,17040,16785,17038,16903,16907,16810,16966,16771,16905,16791,16843,16845,16792,16909,16960,16877,17005,16993,16888,17024,16799,16999,16780,16904,16896,16823,16835,16752,16898,16984,16756,16760,16823,16851,16892,16882,16991,16847,16860,16877,16862,16922,16944,16976,17158,17160,17142,16928,17287,16955,17061,16979,17207,17060,17079,17102,17086,16867,17150,17009,17009,17049,17028,17123,17102,16747,16777,16887,16781,16765,16721,16753,16773,16742,16865,16638,16626,16649,16707,16552,16598,16445,16384,16300,16233,16195,16119,16228,16162,16168,15967,16208,16040,16014,16100,15940,15901,15976,15947,16016,15902,15901,15773,15914,15910,15772,15761,15755,15693,15651,15813,15781,15704,15752,15697,15642,15701,15544,15733,15724,15603,15600,15636,15585,15672,15760,15600,15697,15742,15775,15749,15588,15670,15746,15598,15707,15711,15628,15719,15533,15587,15676,15473,15476,15551,15425,15449,15505,15463,15413,15567,15538,15494,15575,15470,15422,15353,15490,15417,15531,15439,15499,15333,15520,15473,15363,15413,15273,15304,15508,15352,15434,15358,15332,15325,15266,15170,15193,15270,15162,15121,15271,15351,15207,15175,15133,15181,15149,15222,15158,15010,15277,15223,15225,15177,15195,15189,15239,15255,15085,15224,15058,15035,15036,15204,15087,15094,15031,14979,15014,15035,15010,14916,14971,14910,14937,15016,15057,15028,15006,15042,14989,15027,15144,15112,15119,14983,15089,15132,15120,14916,14920,14999,14944,14932,14846,14846,14839,14726,14759,14773,14739,14704,14780,14599,14715,14656,14600,14658,14731,14728,14600,14696,14780,14637,14735,14700,14682,14688,14632,14730,14644,14695,14563,14699,14571,14694,14792,14643,14688,14720,14933,14801,14832,14916,14784,14801,14794,14645,14811,14744,14751,14726,14668,14663,14751,14470,14686,14569,14515,14499,14510,14481,14421,14392,14420,14287,14430,14431,14278,14184,14198,14251,14209,14097,14082,14141,14142,14127,13978,13859,14149,14107,14001,14057,14020,13991,14009,13928,13823,13925,13803,13906,13989,13942,13761,13810,13642,13699,13589,13591,13658,13570,13350,13517,13569,13540,13559,13371,13420,13543,13530,13537,13457,13369,13399,13464,13458,13447,13456,13322,13468,13368,13318,13271,13287,13310,13222,13236,13295,13148,13190,13227,13181,13080,13127,13075,13017,13079,13058,13082,12969,13012,13001,13005,13056,12932,13041,13056,12942,13015,13039,13014,12951,12939,12842,12800,12962,12816,12988,12816,12820,12866,12784,12747,12723,12716,12781,12798,12750,12765,12667,12637,12586,12544,12641,12581,12739,12384,12638,12599,12515,12475,12498,12575,12526,12663,12541,12489,12579,12611,12578,12662,12552,12409,12603,12388,12352,12358,12470,12424,12457,12364,12207,12262,12311,12330,12346,12353,12277,12277,12217,12265,12257,12377,12438,12410,12314,12332,12393,12321,12402,12423,12465,12372,12367,12318,12401,12316,12322,12302,12320,12272,12317,12225,12246,12271,12257,12187,12236,12232,12173,12168,12136,12049,12110,12175,12148,12079,12215,12127,12213,12162,12107,12102,12185,12180,12187,12156,12233,12115,12174,12234,12196,12197,12202,12081,12066,11922,12041,12038,11952,11940,11807,11868,11827,11803,11898,11807,11734,11943,11737,11817,11815,11796,11800,11782,11726,11726,11818,11843,11767,11833,11642,11763,11807,11759,11705,11750,11819,11808,11745,11865,11677,11623,11634,11646,11763,11609,11705,11668,11495,11590,11541,11399,11378,11385,11403,11418,11361,11508,11496,11361,11362,11414,11362,11297,11309,11340,11433,11322,11372,11290,11331,11369,11381,11492,11316,11353,11362,11382,11415,11278,11317,11341,11196,11142,11198,11255,11138,11234,11125,11101,11077,10992,11072,10996,10955,10999,11051,11065,10955,11037,10980,11068,11024,11053,11022,11098,11004,11092,11131,10999,11024,11006,11137,11086,11036,11077,11059,11092,11108,11074,11023,11130,10950,11082,11005,10983,10970,11028,11041,11036,10978,10928,10930,10861,10980,10865,10763,10829,10724,10847,10836,10789,10845,10771,10767,10855,10830,10778,10885,10928,10819,10858,10865,10778,10752,10890,10817,10826,10840,10826,10911,10837,10880,10789,10789,10748,10750,10835,10711,10728,10718,10689,10675,10670,10674,10648,10580,10536,10443,10484,10455,10461,10463,10424,10418,10411,10390,10381,10397,10459,10423,10385,10382,10441,10338,10286,10379,10328,10420,10339,10364,10417,10347,10223,10329,10409,10261,10193,10188,10283,10198,10200,10148,10099,10019,10035,10055,9912,9833,10040,9958,10105,10043,9895,9968,9864,9887,9793,9770,9851,9778,9807,9802,9975,9865,9907,9831,9859,9924,9858,9947,9854,9857,9876,9817,9912,9995,9800,9904,9721,9840,9837,9789,9969,9756,9738,9834,9744,9754,9682,9768,9738,9721,9653,9680,9659,9619,9663,9529,9498,9581,9578,9584,9551,9621,9484,9592,9497,9430,9509,9463,9411,9451,9498,9486,9481,9442,9454,9459,9476,9412,9428,9571,9535,9608,9607,9583,9593,9601,9611,9448,9521,9460,9456,9577,9485,9566,9539,9521,9544,9483,9461,9426,9506,9387,9261,9364,9488,9340,9394,9280,9244,9234,9215,9268,9214,9212,9268,9250,9331,9230,9210,9203,9221,9194,9179,9121,9244,9203,9240,9244,9149,9142,9252,9238,9205,9250,9071,9138,9120,9321,9196,9099,9284,9190,9176,9028,9120,9122,9198,9104,9157,9118,9101,9157,9060,9159,9053,8977,9013,8947,8895,8943,8876,8818,8782,8866,8833,8896,8816,8848,8870,8750,8765,8700,8701,8641,8700,8753,8815
15275,15472,15274,15347,15264,15354,15370,15237,15399,15270,15187,15359,15344,15352,15321,15359,15183,15307,15294,15275,15375,15306,15334,15321,15331,15302,15390,15201,15283,15271,15246,15333,15261,15225,15151,15162,15162,15134,15178,15133,15243,15145,15165,15131,15178,15170,15256,15033,15037,14985,15098,15184,15192,15190,15177,15226,15222,15078,15085,15159,15135,15149,15217,15253,15126,15144,15268,15235,15297,15043,15285,15043,14992,15036,15081,15100,14970,14985,15090,15019,14902,14988,14991,15034,14865,14922,14990,14889,14987,14930,14965,14960,14867,14827,14906,14877,14890,14833,14967,14817,14970,14917,14821,14774,14881,14931,14861,14860,14839,14782,14879,14845,14733,14676,14791,14903,14848,14595,14673,14735,14686,14723,14653,14707,14655,14570,14481,14594,14685,14566,14558,14606,14490,14488,14616,14420,14493,14398,14375,14565,14373,14373,14510,14313,14419,14329,14361,14341,14414,14410,14451,14279,14367,14447,14364,14446,14375,14379,14410,14428,14329,14237,14301,14391,14334,14301,14442,14334,14193,14311,14265,14423,14378,14315,14317,14302,14266,14226,14298,14155,14244,14249,14245,14143,14287,14221,14100,14227,14130,14175,14041,14211,14093,14105,14137,14062,14074,14006,14025,14038,14138,13958,14101,14145,13995,13961,14048,13897,14139,14155,14017,14015,14035,14019,13874,13847,14000,13914,13922,13937,14012,13993,13927,14029,13884,13945,13805,14055,13853,13833,13924,13893,13870,13922,13904,14021,13891,13994,13915,13883,13906,13843,13760,13868,13822,13795,13922,13752,13762,13719,13692,13634,13556,13695,13632,13611,13729,13776,13650,13636,13578,13598,13537,13640,13528,13552,13536,13460,13533,13455,13511,13437,13425,13344,13447,13452,13418,13324,13412,13371,13446,13322,13383,13309,13302,13407,13284,13371,13277,13286,13342,13294,13274,13310,13289,13297,13251,13192,13242,13300,13227,13332,13267,13409,13325,13217,13170,13319,13188,13119,13296,13159,13103,13126,13103,13076,13086,13088,12957,12997,13047,13098,12951,13107,13001,12942,13030,12891,12936,12954,12869,12974,12938,12856,12817,12911,12823,12779,12793,12765,12900,12780,12717,12709,12660,12745,12738,12732,12527,12664,12663,12641,12662,12656,12480,12592,12588,12716,12736,12680,12567,12617,12572,12548,12635,12672,12581,12524,12676,12545,12577,12631,12539,12519,12520,12609,12499,12439,12492,12381,12518,12583,12530,12582,12546,12418,12467,12496,12454,12620,12449,12384,12491,12353,12335,12482,12389,12339,12357,12319,12401,12350,12463,12339,12352,12454,12331,12484,12462,12513,12404,12463,12357,12464,12509,12545,12468,12532,12706,12538,12669,12514,12597,12497,12476,12587,12668,12664,12760,12580,12657,12620,12621,12617,12557,12570,12643,12563,12584,12524,12670,12652,12750,12591,12639,12793,12658,12714,12770,12760,12734,12697,12662,12683,12646,12578,12419,12481,12475,12617,12545,12468,12502,12552,12535,12582,12400,12490,12487,12442,12518,12439,12453,12434,12461,12538,12454,12547,12535,12495,12451,12581,12439,12528,12578,12503,12515,12394,12550,12539,12567,12602,12465,12588,12570,12403,12498,12417,12403,12366,12366,12392,12289,12278,12402,12165,12247,12219,12158,12214,12123,12043,11991,11950,12036,11962,11870,11857,11900,11770,11900,11876,11815,11806,11797,11776,11649,11658,11543,11651,11560,11559,11612,11580,11476,11619,11584,11464,11529,11472,11351,11488,11333,11337,11460,11350,11350,11328,11322,11239,11208,11295,11164,11195,11141,11119,11173,11043,11087,11109,10967,11120,11027,10993,10965,10917,10953,10931,10961,10931,10838,10922,10750,10763,10833,10786,10785,10652,10779,10678,10748,10719,10686,10696,10689,10649,10669,10675,10635,10709,10561,10662,10568,10634,10684,10706,10627,10528,10575,10531,10719,10560,10476,10561,10555,10589,10546,10631,10524,10624,10614,10492,10583,10469,10537,10628,10557,10581,10560,10520,10454,10507,10474,10406,10493,10440,10382,10406,10328,10337,10441,10347,10410,10398,10333,10281,10296,10288,10182,10364,10258,10271,10199,10195,10242,10249,10179,10097,10125,10228,10099,10231,10141,10176,10101,10145,10108,10160,10109,10087,10178,10093,9967,10006,9914,10040,10005,10034,9926,9981,9917,9933,9946,9896,10131,9945,9779,9941,9922,9841,9919,9816,9850,9968,9864,9873,9826,9884,9772,9792,9748,9780,9686,9698,9726,9694,9758,9781,9767,9658,9700,9676,9596,9674,9732,9623,9599,9737,9749,9633,9564,9651,9632,9557,9556,9629,9511,9645,9431,9631,9627,9657,9663,9607,9583,9553,9573,9540,9507,9533,9500,9543,9555,9494,9470,9416,9485,9479,9532,9475,9478,9508,9476,9468,9470,9513,9417,9441,9479,9414,9381,9431,9525,9362,9374,9412,9494,9455,9393,9342,9392,9279,9303,9367,9268,9239,9211,9328,9315,9193,9300,9253,9167,9344,9170,9195,9122,9245,9224,9190,9182,9220,9170,9207,9106,9166,9123,9168,9068,9092,9040,9068,9068,9069,9034,9056,9088,9010,9115,9085,8953,9098,9016,9002,8972,8996,9038,9111,8988,8965,9019,8987,8961,8953,8976,8995,8886,8962,8946,8918,8929,8949,8911,8952,8988,8936,8924,8855,8868,8944,8941,8894,8916,8803,8880,8794,8786,8867,8819,8849,8750,8763,8780,8860,8772,8820,8799,8800,8813,8723,8704,8718,8729,8708,8650,8683,8648,8683,8666,8675,8606,8642,8586,8599,8587,8524,8601,8529,8588,8550,8532,8450,8543,8445,8477,8441,8460,8387,8430,8512,8414,8441,8405,8373,8418,8394,8333,8359,8329,8295,8262,8290,8319,8330,8243,8278,8295,8336,8308,8232,8256,8255,8235,8187,8115,8219,8126,8247,8117,8248,8194,8134,8173,8143,8134,8127,8046,8101,8162,8111,8094,8133,8016,8104,8156,8104,8088,8069,8154,8049,8035,8035,7974,8066,7962,8040,7984,7966,7963,7926,7909,7946,7965,7990,7998,7985,7959,7999,7911,7961,7884,8014,7967,7880,7862,7872,7886,7896,7877,7747,7783,7790,7875,7885,7916,7835,7831,7768,7840,7711,7822,7827,7821,7774,7781,7747,7755,7772,7713,7786,7704,7692,7737,7701,7642,7615,7692,7643,7744,7694,7650,7674,7646,7621,7603,7611,7585,7630,7582,7547,7581,7513,7616,7546,7583,7568,7532,7485,7474,7565,7479,7510,7499,7495,7331,7409,7494,7427,7410,7402,7451,7392,7415,7451,7453,7371,7436,7303,7355,7350,7333,7292,7376,7269,7232,7292,7319,7276,7248,7262,7288,7222,7299,7240,7135,7170,7148,7161,7219,7189,7091,7110,7199,7144,7156,7135,7142,7091,7151,7058,7085,7109,7040,7057,7026,7101,7083,7103,7049,6999,7028,7078,7053,7053,7009,7083,6995,6894,6968,6933,6992,7030,6985,6906,6898,6909,6911,6873,6927,6875,6782,6852,6844,6882,6838,6843,6805,6830,6800,6776,6785,6779,6764,6775,6692,6755,6669,6693,6799,6700,6642,6730,6669,6714,6682,6608,6695,6551,6596,6627,6607,6601,6636,6600,6588,6581,6524,6502,6549,6557,6491,6499,6545,6502,6507,6501,6450,6544,6477,6443,6440,6439,6462,6501,6412,6490,6408,6449,6422,6372,6446,6471,6314,6402,6311,6295,6435,6335,6295,6402,6332,6350,6319,6292,6282,6259,6288,6368,6295,6221,6248,6251,6237,6244,6317,6210,6286,6306,6232,6282,6203,6164,6157,6247,6256,6148,6252,6121,6186,6211,6184,6201,6141,6098,6137,6174,6137,6128,6155,6091,6099,6055,6055,6064,6061,6099,6087,6108,6011,6048,6004,6047,6051,5994,6058,6031,6006,6029,5915,6006,5949,5943,5954,5940,5912,5950,5982,5923,5941,5960,5914,5873,5915,5845,5814,5894,5847,5794,5873,5875,5855,5874,5781,5793,5786,5878,5742,5874,5839,5880,5777,5792,5831,5824,5693,5809,5866,5752,5676,5716,5727,5807,5763,5716,5730,5714,5685,5724,5666,5731,5707,5717,5662,5703,5677,5698,5617,5719,5731,5602,5678,5683,5649,5660,5684,5659,5616,5635,5583,5663,5597,5623,5542,5573,5538,5649,5556,5625,5574,5572,5574,5481,5591,5526,5521,5538,5581,5562,5543,5550,5559,5518,5524,5543,5498,5622,5467,5554,5459,5489,5457,5473,5494,5473,5410,5441,5403,5373,5414,5426,5395,5384,5455,5391,5311,5436,5377,5436,5396,5370,5348,5315,5291,5392,5448,5386,5368,5291,5340,5283,5348,5275,5246,5236,5224,5271,5273,5302,5224,5219,5278,5202,5248,5292,5246,5279,5222,5246,5225,5217,5220,5204,5211,5214,5236,5192,5212,5170,5126,5161,5162,5061,5136,5101,5205,5109,5157,5111,5110,5085,5117,5038,5054,5059,5109,5064,5169,5136,5094,5128,5027,5117,5109,5090,5090,5072,5055,5088,5041,5056,5073,5074,5088,5058,5023,5013,4999,5049,4951,4966,4925,5046,4967,5018,5020,5033,4988,4948,5018,5008,4955,5027,5010,5026,4963,4987,4999,5025,5013,5002,4941,5000,4966,4963,4962,4949,4900,4899,4925,4912,4894,4868,4911,4872,4842,4888,4859,4854,4916,4911,4871,4887,4902,4890,4914,4882,4834,4871,4873,4843,4926,4859,4790,4889,4840,4816,4840,4834,4857,4917,4857,4854,4795,4765,4759,4763,4784,4790,4763,4685,4750,4732,4836,4764,4782,4767,4739,4813,4773,4792,4748,4692,4694,4707,4730,4658,4676,4645,4654,4663,4639,4647,4666,4612,4687,4630,4635,4663,4634,4606,4532,4595,4570,4548,4638,4606,4582,4597,4591,4540,4617,4608,4591,4564,4559,4551,4578,4560,4564,4571,4562,4492,4499,4544,4493,4543,4520,4519,4535,4546,4458,4524,4461,4480,4465,4471,4457,4418,4487,4457,4475,4450,4530,4508,4529,4460,4476,4502,4491,4492,4474,4427,4401,4437,4547,4461,4524,4534,4491,4473,4385,4431,4415,4392,4412,4478,4414,4437,4436,4388,4432,4341,4368,4423,4368,4410,4395,4438,4380,4349,4384,4349,4442,4406,4361,4348,4379,4411,4362,4419,4322,4355,4341,4426,4314,4315,4298,4277,4275,4263,4237,4349,4287,4267,4247,4274,4273,4347,4263,4286,4296,4217,4259,4234,4227,4231,4246,4223,4151,4232,4226,4256,4257,4279,4195,4176,4205,4235,4216,4150,4185,4199,4211,4156,4232,4213,4137,4178,4118,4119,4151,4171,4156,4195,4092,4080,4096,4096,4087,4111,4083,4151,4113,4070,4085,4071,4093,4112,4109,4085,4062,4063,4033,4099,4080,4041,4016,4113,4078,4068,4113,4042,4028,4020,4088,4037,4012,4049,3999,3956,3980,3923,3969,3931,4005,3975,3953,3999,3999,3919,3951,4002,3930,3949,3926,3959,3925,3974,3987,3961,3987,3921,4006,3932,3999,3934,3975,3924,3943,3935,3938,3927,3979,3970,3966,3940,3952,3944,3942,3938,3944,3932,3906,3872,3925,3905,3893,3864,3867,3877,3836,3851,3893,3845,3865,3883,3867,3865,3892,3892,3802,3862,3878,3856,3876,3832,3851,3886,3830,3832,3871,3805,3847,3860,3854,3858,3877,3860,3812,3851,3832,3822,3773,3799,3811,3826,3771,3765,3775,3741,3779,3752,3697,3781,3746,3744,3751,3719,3727,3740,3697,3715,3726,3711,3718,3662,3776,3755,3751,3675,3727,3703,3672,3735,3695,3702,3641,3667,3721,3651,3645,3702,3652,3674,3667,3624,3584,3629,3580,3608,3591,3619,3586,3595,3621,3584,3624,3587,3545,3560,3499,3606,3564,3532,3581,3589,3554,3521,3562,3610,3543,3588,3591,3607,3541,3580,3599,3547,3532,3544,3570,3566,3590,3495,3559,3526,3495,3522,3540,3523,3559,3510,3496,3513,3548,3409,3489,3472,3490,3535,3487,3457,3475,3509,3439,3477,3460,3406,3449,3429,3451,3469,3456,3451,3420,3488,3442,3430,3455,3419,3480,3455,3454,3403,3469,3519,3443,3459,3513,3463,3473,3506,3447,3466,3483,3470,3475,3435,3505,3494,3450,3454,3431,3425,3402,3398,3444,3399,3452,3368,3406,3449,3406,3395,3393,3420,3394,3418,3378,3355,3401,3351,3369,3378,3390,3377,3307,3388,3345,3408,3331,3421,3380,3355,3394,3347,3348,3350,3311,3348,3350,3405,3356,3366,3354,3410,3352,3352,3353,3328,3332,3308,3328,3322,3337,3330,3303,3326,3334,3340,3289,3282,3275,3304,3247,3268,3226,3267,3254,3271,3264,3276,3270,3239,3284,3246,3231,3231,3230,3238
57020,55175,53329,52201,51171,49517,48047,47156,46523,45878,44607,43881,43351,42479,41631,41176,40365,39752,39274,38854,38119,37851,37370,37091,36810,36254,36261,35768,35471,35350,35055,34920,34667,34476,34018,33516,33240,33139,33281,33169,32822,32754,32592,32242,32192,32180,32211,31986,31974,32171,32111,32042,32017,31892,31580,31749,31642,31293,31004,31148,30919,30971,30796,31013,30686,30638,30471,30445,30644,30455,30188,30091,30017,30031,29966,30023,29709,29644,29726,29458,29489,29267,29487,29519,29436,29360,29374,29350,29152,29204,29081,29267,29272,29460,29151,29218,29061,29124,29050,29086,29108,29050,28995,28948,28903,28976,28859,29039,29070,28843,29051,29061,28843,28866,28994,28976,28954,28828,28932,28821,28787,28880,28840,28652,28738,28944,28625,28555,28429,28555,28389,28176,28324,28289,28265,28075,28139,28145,28115,27828,27939,27895,27924,28006,27831,27792,27742,27779,27829,27929,28198,27923,28200,28156,27928,28239,27956,28184,28071,28096,28158,28212,28233,28109,28157,28436,28307,28022,28137,28332,28162,28013,28142,28303,28058,27972,28072,28100,28089,28298,28177,28195,28245,28003,28208,28095,28254,28150,28167,28122,28172,28118,28042,28019,28062,28109,28008,27988,28095,27983,27957,27880,28025,27835,27938,28107,28022,28035,27892,27939,27969,28000,28085,27945,27956,27862,27796,28030,27864,28046,27992,28110,27900,27991,28076,27972,28099,27861,28016,28000,28100,28063,27726,28059,27761,27838,27796,27913,27740,27804,27863,27719,27766,27852,27804,27843,27673,28071,27655,27812,27894,27743,27648,27711,27608,27633,27630,27612,27823,27859,27533,27484,27574,27454,27412,27399,27304,27020,27010,27027,26797,26783,26729,26719,26526,26491,26478,26397,26431,26415,26145,26263,26219,26127,26203,26080,25853,25860,25959,25802,25892,25636,25836,25653,25791,25505,25548,25582,25496,25556,25411,25568,25648,25561,25449,25446,25306,25291,25464,25411,25448,25358,25346,25229,25269,25406,25291,25356,25252,25031,25163,25221,25188,25055,25127,25136,25251,25209,25013,25113,25224,25073,25282,25089,25115,25172,24902,24982,24951,24973,24847,24950,25010,25000,24923,25093,24981,24918,24910,24848,25052,25101,24928,24988,24860,24816,24769,24960,25060,24859,24850,24971,24785,24843,24889,24802,24686,24777,24821,24927,24772,24732,24670,24732,24712,24671,24787,24614,24658,24613,24617,24513,24470,24526,24454,24435,24355,24344,24389,24328,24383,24426,24470,24274,24528,24332,24276,24183,24456,24270,24352,24198,24281,24104,24323,24123,24092,24077,24300,23951,24104,24016,23987,23791,24011,23934,23932,23807,23926,23951,23933,24080,23936,24021,24027,24029,23878,23876,23896,24069,23838,23798,23921,23921,23940,23995,23854,23954,23876,23882,23897,24091,24095,24048,23974,24023,23859,23971,24114,24142,24047,24015,24037,23961,24000,23816,23893,23725,23805,23938,23958,23906,23917,23931,23915,23795,23853,23827,23990,24011,23885,23888,23827,23731,23788,23728,23786,23712,23784,23775,23910,23938,23986,23820,23764,23773,23753,23801,23651,23813,23712,23687,23716,23658,23492,23627,23602,23575,23428,23249,23435,23536,23418,23424,23325,23558,23472,23445,23545,23508,23546,23469,23456,23402,23597,23623,23554,23398,23492,23524,23354,23442,23583,23598,23529,23335,23573,23334,23356,23580,23283,23438,23344,23371,23552,23397,23460,23566,23670,23697,23534,23474,23486,23502,23476,23542,23413,23416,23358,23488,23604,23535,23475,23503,23460,23564,23518,23583,23529,23626,23584,23573,23449,23553,23455,23488,23431,23349,23504,23465,23232,23327,23133,23168,23328,23395,23403,23309,23164,23436,23288,23231,23344,23173,23348,23178,23214,23270,23341,23331,23168,23317,23201,23159,23147,22919,23001,23039,23029,23056,23014,22985,23043,22913,22829,22867,22935,22851,22936,22903,23000,23060,23043,22957,23026,22983,23023,23006,23066,23103,23117,23048,22973,23115,22921,23005,22894,23091,23096,23017,22855,22943,22794,23019,22797,22692,22869,22816,22832,22617,22673,22826,22777,22610,22535,22759,22808,22678,22685,22931,22643,22624,22687,22703,22794,22791,22699,22816,22829,22644,22773,22848,22750,22747,22798,22584,22707,22618,22740,22553,22424,22410,22363,22411,22345,22321,22187,22470,22354,22354,22232,22211,22322,22299,22053,22212,22011,22306,22282,22022,22226,22099,22158,21958,22099,22049,22065,22085,21935,21842,21987,21923,21845,21877,21813,21792,21874,21787,21795,21759,21809,21740,21633,21615,21590,21716,21729,21761,21919,21924,21924,22014,22204,22170,22125,22172,22122,22138,22047,22223,22000,21892,21938,21890,21740,21716,21562,21719,21522,21712,21495,21854,21686,21579,21746,21650,21730,21717,21801,21677,21546,21756,21794,21502,21564,21594,21603,21696,21790,21629,21389,21490,21477,21471,21339,21456,21450,21436,21524,21530,21412,21415,21446,21303,21320,21338,21389,21312,21401,21291,21296,21363,21340,21299,21359,21438,21245,21287,21216,21337,21277,21056,21280,21181,20985,21183,21083,21018,21089,20955,21120,20972,21078,21072,21012,21209,20951,21089,20984,21128,20895,20988,21022,20919,20972,20828,20778,20704,20838,20714,20890,20773,21005,20902,20850,20831,20727,20707,20844,20753,20796,20845,20740,20702,20741,20701,20716,20787,20825,20747,20802,20794,20771,20879,20932,20985,20936,20825,20780,20779,20751,20619,20583,20520,20488,20661,20449,20404,20504,20388,20273,20386,20424,20227,20366,20370,20218,20445,20136,20264,20211,20167,20225,20387,20348,20213,20227,20310,20132,20099,20113,20153,20012,20193,20047,19841,19915,20042,20091,19955,19942,19996,19988,20200,20213,20031,20044,20066,20016,19875,20088,20010,20009,19769,19852,19909,19913,19937,19852,19937,19971,19938,19917,19849,19994,20010,20038,19954,20034,20039,19897,19985,20083,20027,20031,20316,20137,20052,20116,20054,20063,20028,19936,19931,20079,20095,20001,19947,20010,20011,19988,20169,20164,20255,20150,20153,20102,20219,20077,20225,20020,20049,20064,20106,20027,20236,20177,20046,20012,20212,20133,20032,20110,20037,20217,20178,20180,20102,20180,20251,20217,20242,20129,20154,19954,20118,19938,19990,20089,20084,20005,19984,20052,20110,20114,20097,20151,20167,20095,19975,20070,20103,20075,19846,20096,20048,20011,20021,20035,19970,19927,19775,20017,19832,19884,20046,19817,19849,19778,19813,20012,20006,20040,20124,19865,19812,19770,19826,19862,19843,19904,19947,19937,19811,19887,20012,19769,19754,19695,19853,19752,19690,19670,19561,19610,19639,19759,19623,19578,19651,19548,19620,19523,19607,19483,19571,19425,19474,19585,19440,19419,19402,19430,19471,19423,19311,19418,19393,19390,19276,19315,19277,19353,19449,19238,19158,19339,19318,19362,19161,19182,19212,19209,19114,19100,19049,18803,19037,18870,18880,18806,18797,18829,18693,18782,18613,18592,18586,18695,18496,18556,18522,18435,18484,18350,18247,18454,18352,18471,18518,18331,18474,18335,18320,18469,18497,18418,18136,18392,18371,18115,18407,18147,18323,18185,18383,18325,18226,18226,18184,18302,18078,18313,18132,18017,18001,18158,18334,18203,18227,18050,18271,17986,18134,18239,18124,18019,18048,18076,17936,18042,18144,18045,18172,18122,18217,18182,18141,18261,18160,18201,18028,18105,18084,18173,18043,18169,18255,18131,18264,18221,18237,18493,18494,18401,18542,18333,18500,18585,18480,18448,18422,18372,18381,18367,18173,18227,18343,18229,18393,18331,18347,18057,18368,18123,18197,18177,18110,18082,18116,17862,17974,18055,17859,17902,17940,17847,17821,17618,17702,17459,17494,17490,17491,17322,17248,17268,17216,17409,17053,17225,17165,17155,17296,17090,17139,17128,16913,16933,16923,16909,17095,17042,16969,16954,16991,16969,16924,16857,16804,16766,16852,16896,16655,16877,16876,16724,16898,16714,16879,16862,16845,16808,16754,16750,16819,16788,16775,16809,16737,16761,16833,16827,16750,16658,16559,16555,16615,16538,16690,16750,16777,16551,16683,16606,16486,16623,16509,16591,16748,16697,16661,16711,16628,16531,16661,16613,16635,16629,16584,16667,16766,16523,16612,16603,16588,16434,16410,16484,16394,16476,16346,16389,16418,16290,16442,16273,16409,16248,16346,16388,16467,16379,16251,16340,16315,16441,16420,16277,16285,16238,16190,16375,16449,16319,16374,16236,16345,16150,16100,16277,15961,16226,16135,16254,16108,15936,16022,16104,16186,16050,16188,16137,16041,16044,16086,16110,16205,16169,16146,16186,16188,16291,16105,16313,16212,16169,16032,16131,15941,16020,16013,15976,15975,15935,15760,15864,15858,15875,15789,15781,15861,15774,15842,15838,15870,15755,15666,15795,15743,15767,15925,15874,15934,15775,15735,15869,15998,15884,15945,15813,15613,15832,15859,15740,15713,15917,15911,15902,15825,15974,15884,15952,16058,15932,15909,16010,16205,16005,15858,15818,15850,15731,15765,15869,15770,15780,15624,15504,15549,15538,15410,15443,15479,15421,15324,15317,15188,15065,15247,15249,15088,15184,15224,15000,15214,14998,14964,14991,15148,15070,15099,14980,15038,14971,14911,14961,14856,14978,14832,14874,14894,14803,14753,14769,14685,14739,14606,14569,14517,14536,14393,14508,14448,14467,14512,14441,14395,14409,14394,14457,14505,14442,14486,14444,14409,14423,14398,14426,14283,14409,14331,14231,14268,14158,14271,14252,14074,14153,14181,14105,13978,13844,13926,13903,13901,14003,14029,13980,13933,13874,13886,13813,13865,13888,13939,13955,13892,14005,14032,13864,13955,13895,13791,13764,13816,13764,13679,13753,13760,13637,13609,13639,13513,13485,13495,13517,13568,13633,13588,13388,13504,13552,13504,13477,13465,13434,13513,13398,13368,13323,13456,13461,13716,13499,13509,13504,13569,13478,13371,13484,13478,13349,13359,13378,13461,13317,13225,13272,13331,13212,13279,13150,13139,13244,13120,13172,13264,13279,13209,13232,13255,13370,13286,13240,13334,13188,13281,13164,13257,13273,13269,13340,13308,13201,13193,13277,13217,13216,13165,13134,13098,13109,13163,13088,13063,13128,13166,13103,13038,13001,13024,12992,12992,13023,13023,13132,13095,13038,13064,13091,13020,13050,12951,12957,13115,13019,13077,13074,13087,12976,12986,13026,12936,12931,12984,12912,12846,12751,12942,12710,12815,12775,12864,12729,12693,12598,12802,12699,12668,12632,12767,12693,12657,12583,12744,12758,12649,12647,12660,12690,12663,12653,12699,12653,12568,12674,12565,12634,12638,12583,12670,12659,12706,12551,12507,12484,12666,12428,12425,12400,12312,12228,12352,12259,12211,12285,12207,12312,12380,12342,12306,12414,12216,12204,12197,12239,12219,12258,12060,12276,12270,12198,12348,12283,12237,12291,12239,12261,12165,12161,12187,12047,12230,12005,12141,11992,12093,11912,11870,11820,11870,11856,11895,11920,11805,11808,11905,11893,11923,11779,11786,11796,11735,11800,11845,11911,11819,11903,11940,11940,12027,12117,12078,12028,11917,11966,12005,11899,11978,11890,11928,11928,11967,11899,11816,11850,11982,11894,11767,11882,11731,11848,11784,11712,11678,11665,11683,11776,11573,11698,11651,11590,11698,11655,11666,11671,11685,11706,11679,11679,11734,11815,11714,11727,11813,11677,11703,11668,11662,11651,11656,11753,11693,11631,11630,11764,11759,11579,11616,11478,11461,11444,11476,11493,11366,11514,11408,11355,11291,11361,11425,11208,11362,11248,11267,11169,11191,11194,11147,11174,11238,11164,11152,11221,11240,11131,11232,11218,11283,11090,11153,11193,11173,11128,11110,11018,11118,11015,11082,11076,10989,10988,10846,10824,10874,10856,10650,10760,10705,10750,10781,10740,10738,10724,10730,10592,10695,10547,10615,10536,10535,10730,10615,10673,10694,10797,10611,10659,10735,10717,10708,10691,10670,10677,10482,10712,10619,10654,10730,10602,10580,10635,10641,10650,10611,10482,10631,10474,10504,10545,10575,10443,10411,10508,10422,10419,10448,10389,10468,10390,10347,10197,10259,10371,10351,10351,10219,10153,10177,10247,10184,10283,10204,10247,10179,10245,10201,10213,10278,10319,10320,10370,10240,10376,10372,10453,10359,10319,10328,10320,10280,10354,10240,10274,10323,10306,10335,10360,10349,10335,10229,10181,10187,10129,10109,10172,10052,10185,10142,10031,10001,10013,10053,9963,9908,9975,9976,9943,10009,9903,9807,9908,9883,9942,9900,9836,9946,9961,9905,9906,9947,9942,9934,9994,9879,9953,9853,9933,10071,10004,9903,9967,9882,9948,10042,9938,10002,9914,9858,9891,9917,9836,9759,9719,9767,9771,9724,9847,9696,9662,9627,9645,9601,9655,9642,9538,9543,9532,9420,9556,9506,9463,9485,9506,9431,9347,9396,9526,9411
15400,15446,15422,15317,15337,15425,15408,15318,15279,15307,15237,15461,15381,15324,15304,15244,15389,15422,15315,15353,15235,15376,15355,15291,15380,15336,15295,15268,15186,15311,15277,15322,15249,15223,15191,15063,15256,15099,15123,15266,15116,15168,15151,15096,15105,15085,15148,15051,15028,15098,15085,15101,15202,15191,15188,15173,15135,15095,15288,15161,15177,15180,15094,15071,15210,15186,15026,15153,15082,15214,15121,15112,15196,15016,15050,15077,15004,14978,14981,14977,15066,14943,15048,14979,14844,14943,14839,14924,14858,14788,14884,14929,14925,14919,14860,14789,14841,14824,14810,14874,14997,14842,14878,14789,14815,14857,14811,14776,14904,14763,14853,14782,14825,14703,14688,14716,14762,14711,14681,14716,14663,14756,14679,14774,14579,14691,14531,14609,14655,14562,14637,14591,14484,14473,14526,14596,14421,14420,14596,14491,14406,14395,14366,14499,14384,14422,14308,14453,14436,14582,14287,14372,14461,14327,14307,14324,14385,14399,14491,14341,14379,14296,14449,14485,14309,14331,14273,14431,14253,14353,14310,14275,14245,14284,14208,14352,14147,14133,14288,14248,14086,14138,14188,14219,14268,14193,14236,14136,14189,14121,14168,14075,14144,14098,14155,14081,14111,14115,13962,14081,14028,14024,14117,14050,14018,13985,14031,14146,14042,13914,13981,14006,13954,14120,13969,13926,13869,13970,13895,14061,13984,13884,13899,13986,13856,13803,13849,13947,13875,13988,13890,13889,13967,13954,13876,13750,13774,13992,13810,13906,13788,13763,13733,13658,13741,13722,13807,13704,13664,13576,13657,13621,13530,13729,13680,13592,13641,13549,13642,13484,13512,13499,13515,13456,13372,13545,13586,13519,13445,13537,13439,13431,13487,13436,13411,13440,13463,13261,13395,13448,13319,13368,13331,13319,13239,13321,13355,13419,13269,13420,13271,13290,13250,13246,13368,13304,13211,13294,13391,13336,13297,13205,13060,13365,13202,13216,13294,13131,13178,13180,13091,13063,13063,13012,13283,13114,13035,13175,13019,12988,13144,13072,12957,13040,13037,12956,12932,12806,12791,12939,12789,12896,12798,12827,12761,12853,12794,12700,12894,12758,12816,12701,12755,12770,12776,12661,12698,12747,12650,12672,12616,12485,12615,12590,12595,12677,12558,12497,12573,12633,12535,12601,12440,12544,12490,12616,12512,12619,12622,12555,12636,12624,12648,12565,12635,12517,12546,12488,12519,12535,12587,12528,12423,12479,12453,12470,12481,12509,12424,12486,12430,12364,12472,12374,12377,12354,12398,12351,12273,12312,12370,12503,12362,12398,12315,12364,12382,12448,12509,12358,12512,12430,12381,12504,12467,12517,12347,12520,12599,12515,12497,12566,12511,12630,12542,12481,12666,12585,12582,12601,12652,12527,12547,12609,12568,12566,12516,12641,12604,12563,12730,12647,12708,12664,12755,12638,12685,12847,12758,12743,12698,12628,12613,12540,12607,12614,12643,12630,12592,12511,12534,12579,12413,12565,12591,12505,12522,12518,12473,12504,12424,12535,12473,12461,12485,12483,12560,12536,12490,12576,12572,12551,12526,12550,12573,12575,12599,12512,12585,12603,12577,12529,12631,12686,12572,12540,12648,12580,12457,12421,12484,12541,12419,12352,12347,12343,12223,12260,12194,12204,12232,12084,12166,12126,11993,12052,11938,11936,11903,11850,11842,11822,11907,11802,11825,11841,11695,11596,11731,11648,11643,11695,11614,11545,11628,11594,11512,11495,11575,11438,11408,11401,11331,11476,11344,11292,11403,11308,11352,11272,11285,11238,11232,11141,11231,11148,11103,11084,11116,11108,11079,10964,11039,10998,10961,10916,10991,10974,10858,10900,10914,10812,11023,10813,10850,10850,10821,10713,10774,10657,10900,10727,10782,10671,10558,10620,10731,10699,10553,10554,10627,10707,10620,10642,10750,10577,10625,10671,10623,10521,10581,10656,10553,10534,10534,10512,10527,10598,10525,10574,10652,10497,10515,10554,10637,10671,10565,10526,10481,10488,10491,10482,10403,10512,10447,10447,10354,10398,10406,10356,10231,10403,10405,10431,10334,10430,10341,10358,10264,10359,10260,10316,10192,10175,10121,10209,10166,10238,10092,10174,10107,10256,10152,10165,10113,10177,10099,10093,10110,10098,10087,10078,9959,10016,10051,9992,9895,9981,9895,9986,9918,10016,9900,9891,10050,9965,9945,9868,9892,9917,9905,9823,9842,9834,9767,9852,9783,9887,9772,9808,9745,9809,9826,9802,9796,9705,9817,9770,9717,9699,9712,9733,9648,9690,9680,9604,9676,9693,9610,9765,9693,9625,9685,9577,9729,9773,9582,9574,9659,9691,9632,9711,9672,9732,9650,9663,9584,9589,9667,9617,9544,9575,9581,9581,9519,9658,9533,9480,9638,9608,9581,9559,9635,9557,9593,9580,9452,9523,9567,9523,9474,9500,9489,9488,9453,9457,9388,9417,9429,9411,9373,9405,9419,9370,9319,9464,9397,9242,9320,9381,9304,9309,9316,9229,9257,9270,9254,9225,9187,9299,9266,9139,9234,9162,9185,9196,9144,9125,9161,9121,9105,9166,9135,9154,9167,9096,9092,9185,9094,9061,9199,9153,9132,9159,9097,9023,9062,9075,9066,8993,9043,9040,9013,9046,8985,8971,9064,8985,9037,8975,8931,8991,9028,9038,8894,9003,9018,9003,8933,8954,8871,9014,8979,8924,8867,8815,8893,8960,8811,8877,8949,8750,8796,8870,8862,8808,8841,8801,8811,8848,8753,8747,8704,8783,8721,8783,8708,8749,8650,8678,8663,8641,8650,8651,8587,8727,8606,8507,8662,8559,8637,8421,8518,8563,8569,8570,8495,8553,8595,8534,8483,8445,8448,8482,8499,8333,8339,8371,8401,8360,8407,8443,8398,8317,8339,8298,8321,8257,8319,8359,8279,8288,8341,8309,8175,8293,8263,8278,8235,8312,8236,8256,8212,8280,8124,8207,8240,8147,8220,8144,8213,8169,8183,8133,8075,8147,8129,8074,8012,8094,8083,8094,8091,8086,8080,8150,8139,8042,8106,7987,8063,8066,8001,8036,8089,7962,8062,7992,8018,7952,7999,8041,7955,7891,7958,7923,7999,7866,7900,7960,7929,7906,7930,7959,7916,7931,7899,7907,7889,7809,7793,7876,7814,7875,7769,7783,7847,7810,7823,7790,7775,7791,7808,7796,7748,7795,7758,7753,7715,7678,7776,7718,7706,7629,7631,7610,7724,7680,7609,7703,7751,7601,7600,7646,7597,7578,7559,7562,7555,7584,7534,7622,7589,7577,7509,7548,7497,7468,7369,7497,7488,7509,7452,7433,7499,7417,7545,7419,7451,7411,7393,7413,7344,7314,7385,7361,7423,7295,7392,7351,7270,7360,7242,7210,7337,7276,7292,7237,7283,7294,7306,7194,7250,7168,7148,7227,7184,7221,7137,7140,7135,7133,7140,7166,7197,7133,7123,7170,7172,7055,7047,7106,7093,7062,7014,7125,7015,6936,7044,7074,6967,7035,7038,6961,6991,6906,6954,6981,6962,6952,7003,6959,6962,6928,6929,6794,6928,6826,6804,6841,6849,6846,6841,6878,6833,6808,6817,6793,6721,6750,6818,6741,6712,6744,6756,6722,6662,6660,6635,6699,6712,6630,6621,6556,6586,6620,6681,6617,6667,6592,6579,6631,6585,6592,6583,6434,6539,6519,6406,6439,6506,6476,6526,6450,6483,6438,6479,6445,6459,6445,6467,6498,6418,6468,6386,6407,6427,6413,6418,6393,6372,6357,6369,6422,6324,6383,6385,6380,6346,6294,6400,6403,6328,6336,6409,6286,6316,6288,6326,6380,6279,6231,6259,6278,6177,6190,6191,6233,6191,6205,6246,6252,6150,6256,6176,6200,6201,6144,6120,6104,6081,6125,6068,6115,6129,6114,6104,6027,6103,6039,6088,6053,6031,6049,6011,5981,6045,5974,6014,5977,6007,6039,5939,6044,5944,5931,5927,6000,6004,5933,5883,5987,5938,5874,5884,5869,5893,5846,5898,5811,5863,5888,5849,5872,5830,5840,5882,5865,5886,5855,5810,5820,5789,5835,5875,5810,5766,5775,5781,5787,5739,5728,5793,5697,5704,5686,5673,5753,5680,5743,5770,5750,5658,5708,5727,5736,5665,5696,5674,5755,5656,5693,5741,5710,5745,5666,5698,5643,5653,5632,5625,5624,5636,5565,5610,5625,5609,5647,5633,5595,5591,5545,5597,5550,5498,5610,5570,5612,5612,5613,5547,5563,5594,5541,5527,5554,5574,5470,5536,5492,5512,5507,5475,5454,5434,5432,5450,5416,5429,5389,5489,5453,5427,5471,5382,5453,5381,5370,5410,5451,5386,5413,5406,5398,5347,5317,5351,5359,5384,5331,5312,5333,5316,5315,5342,5282,5231,5228,5278,5169,5247,5260,5256,5271,5230,5251,5252,5295,5208,5209,5297,5303,5259,5255,5215,5236,5211,5214,5241,5232,5180,5125,5098,5167,5135,5151,5172,5165,5126,5120,5098,5154,5127,5111,5103,5177,5181,5177,5099,5086,5133,5120,5092,5102,5060,5105,5059,5072,5134,5100,5111,5125,5004,5034,5071,5086,4993,5087,5049,5073,4996,5063,4984,5007,4974,5003,4980,4998,5077,4954,5039,5048,5071,5007,5052,5022,5038,5101,5026,4962,5075,5027,5044,5093,4971,4955,4940,4944,4926,4926,4988,4975,4899,4925,4967,4888,4934,4929,4934,4933,4952,4989,4901,4855,4960,4961,4982,4920,4859,4893,4920,4909,4839,4943,4845,4908,4855,4818,4855,4840,4826,4749,4804,4777,4778,4805,4794,4761,4815,4811,4775,4838,4711,4772,4745,4789,4800,4758,4785,4711,4754,4789,4734,4680,4757,4687,4733,4679,4720,4677,4693,4707,4667,4753,4623,4636,4630,4636,4707,4632,4592,4617,4617,4650,4645,4552,4592,4627,4612,4557,4655,4527,4596,4605,4578,4586,4635,4630,4595,4596,4630,4545,4542,4562,4587,4537,4536,4548,4549,4482,4532,4450,4537,4483,4543,4511,4487,4513,4509,4556,4468,4560,4515,4505,4484,4484,4480,4514,4537,4519,4476,4513,4507,4493,4528,4509,4505,4518,4532,4508,4427,4425,4461,4409,4497,4427,4379,4470,4388,4449,4452,4434,4427,4407,4404,4448,4369,4465,4467,4411,4421,4398,4447,4381,4366,4380,4426,4394,4435,4391,4416,4369,4381,4377,4361,4306,4362,4371,4291,4321,4284,4301,4329,4281,4336,4288,4333,4299,4275,4277,4341,4313,4279,4312,4260,4258,4280,4302,4319,4327,4233,4247,4256,4267,4250,4252,4273,4249,4294,4240,4266,4213,4257,4225,4227,4231,4175,4261,4251,4214,4115,4192,4161,4155,4190,4190,4116,4158,4116,4177,4133,4158,4082,4106,4123,4127,4080,4079,4135,4114,4107,4150,4089,4140,4109,4156,4092,4086,4138,4109,4121,4022,4070,4036,4084,4043,4048,4010,4060,4045,4003,3984,4009,3995,4000,3993,3978,3963,4013,3978,3916,4018,4013,3956,3971,4046,3946,4020,3915,3972,4000,3996,4027,4018,3998,3971,3994,3985,4007,3985,3997,4004,3991,3940,3996,3992,3924,3956,4002,3931,3931,3998,3942,3934,3892,3908,3919,3903,3915,3911,3898,3902,3911,3888,3888,3937,3887,3888,3899,3924,3876,3864,3936,3915,3884,3905,3912,3900,3898,3869,3856,3890,3863,3855,3877,3872,3860,3805,3820,3867,3833,3815,3820,3820,3832,3760,3788,3786,3807,3784,3793,3741,3774,3814,3766,3759,3764,3745,3732,3703,3742,3811,3777,3756,3763,3791,3766,3781,3716,3735,3738,3725,3749,3708,3757,3730,3748,3707,3688,3747,3691,3731,3672,3688,3670,3701,3638,3601,3614,3609,3632,3609,3599,3658,3621,3599,3626,3585,3607,3572,3612,3595,3671,3605,3545,3600,3584,3608,3608,3634,3666,3620,3597,3630,3611,3611,3563,3631,3600,3571,3606,3576,3601,3540,3618,3537,3607,3569,3540,3586,3572,3546,3560,3552,3553,3531,3546,3545,3490,3498,3550,3507,3526,3516,3519,3515,3524,3518,3470,3485,3521,3518,3463,3476,3514,3484,3506,3535,3492,3445,3521,3510,3516,3475,3514,3467,3532,3528,3544,3486,3517,3468,3483,3499,3473,3529,3478,3501,3532,3513,3510,3506,3469,3465,3476,3437,3453,3428,3436,3416,3405,3401,3452,3418,3376,3422,3411,3427,3413,3393,3359,3389,3383,3387,3385,3367,3397,3426,3362,3415,3436,3384,3423,3359,3413,3400,3407,3375,3438,3404,3424,3389,3383,3388,3370,3396,3383,3410,3387,3355,3373,3383,3347,3341,3348,3358,3416,3361,3333,3339,3344,3334,3320,3328,3292,3282,3287,3265,3280,3244,3305,3307,3313,3285,3284,3253,3309,3303,3280,3304
51304,49648,47915,47425,45766,44508,43950,43179,42361,41638,40753,39929,39234,38624,38001,37507,36688,36080,35904,35325,34847,34387,34072,33926,33527,33393,33014,32832,32534,32297,31903,31756,31644,31219,31059,30665,30597,30303,30278,30142,29987,29978,29700,29604,29523,29244,29161,29239,29255,29161,29264,29290,29097,28872,28820,28679,28613,28368,28322,28295,27988,28300,28270,28366,28012,27732,27717,27506,27814,27693,27584,27190,27333,27204,27140,27033,27009,26920,26922,26922,26660,26518,26666,26717,26531,26341,26639,26441,26429,26464,26399,26409,26266,26238,26362,26343,26173,26210,26177,26180,26129,26162,26177,26068,26167,25998,26256,25994,26230,26073,26122,26205,26119,26126,26084,25928,26113,26051,25981,26004,25998,25978,26011,25980,25837,25966,25880,25628,25814,25530,25569,25482,25325,25400,25466,25298,25278,25125,25082,25184,25118,25152,25084,25105,25028,25014,25004,24960,24882,25105,25201,25077,25264,25248,25170,25146,25428,25422,25218,25134,25145,25211,25415,25185,25383,25322,25378,25322,25325,25180,25178,25263,25265,25284,25243,25280,25167,25225,25069,25241,25166,25146,25198,25168,25092,25144,25204,25330,25127,25355,25096,25185,25195,25175,25096,25075,25103,25097,25005,24975,25085,25050,25109,25098,25045,25018,24996,25176,25100,25129,24936,24977,25067,24954,25124,25003,24984,24999,24908,25149,25112,25079,24966,25084,25021,25035,25024,24925,24977,25143,25009,24925,24927,24969,24951,24840,24898,24855,25018,24894,25035,24853,24884,24798,24905,24843,24738,24762,24743,24682,24885,24715,24783,24654,24746,24701,24776,24736,24741,24758,24699,24579,24562,24653,24527,24513,24300,24397,24131,24088,24064,24045,23906,24010,23909,23758,23724,23612,23604,23414,23624,23567,23374,23380,23160,23412,23345,23306,23334,23233,23191,23045,23046,23139,22955,23026,22991,22925,22848,22843,22924,22768,23013,22908,22867,22873,22931,22775,22807,22728,22912,22797,22748,22656,22751,22542,22683,22638,22651,22736,22595,22754,22519,22524,22436,22550,22600,22580,22669,22389,22436,22507,22439,22403,22456,22475,22347,22471,22249,22294,22387,22156,22191,22278,22394,22350,22262,22235,22156,22385,22322,22300,22368,22155,22267,22243,22252,22327,22352,22314,22249,22323,22183,22318,22220,22238,22130,22235,22203,22084,22080,22163,22207,22283,21938,21976,22034,22041,21987,21885,21962,21901,21831,21891,21829,21586,21850,21843,21870,21777,21781,21794,21802,21746,21766,21861,21798,21827,21766,21583,21629,21643,21698,21580,21659,21615,21506,21645,21519,21595,21401,21456,21340,21525,21465,21437,21293,21333,21536,21424,21508,21371,21340,21401,21486,21447,21395,21404,21273,21348,21377,21259,21311,21336,21377,21461,21438,21261,21396,21402,21476,21369,21460,21519,21550,21471,21626,21479,21453,21473,21330,21310,21268,21367,21339,21391,21344,21434,21267,21329,21195,21367,21295,21382,21300,21304,21322,21456,21424,21433,21384,21386,21154,21472,21259,21425,21321,21315,21416,21160,21253,21260,21167,21239,21206,21198,21253,21003,21064,21193,21437,21197,21120,21153,21064,21197,21053,21138,20930,21022,20950,21031,20864,20795,20852,20855,21027,20909,20915,20983,20878,20940,20937,20906,20897,20947,20941,20970,20954,20883,21052,20859,20910,20935,20901,20805,20917,20963,20879,20886,20935,20834,20986,20784,20842,20846,20912,20903,21060,20745,20939,20991,20915,20892,20867,20880,20946,20928,21029,20859,20960,20991,20916,20879,20995,20900,21001,20932,20975,20893,21038,21040,21026,20908,20934,20856,20873,20707,20845,20933,20664,20797,20828,20828,20858,20792,20787,20840,20931,20759,20935,20950,20885,20770,20990,21095,20955,20826,20897,20857,21040,20862,20782,20649,20775,20730,20664,20618,20582,20692,20576,20646,20463,20572,20576,20469,20561,20297,20485,20541,20526,20594,20554,20431,20485,20586,20608,20738,20633,20636,20559,20697,20578,20593,20588,20496,20406,20559,20530,20513,20579,20583,20440,20450,20400,20576,20335,20525,20350,20369,20335,20234,20263,20302,20035,20286,20320,20406,20374,20365,20336,20398,20382,20480,20399,20352,20465,20333,20402,20410,20258,20382,20256,20183,20496,20303,20265,20124,20139,20331,20067,20101,20077,20047,19989,19892,19919,19986,19973,19955,19755,19956,19828,19786,19886,19733,19819,19750,19683,19614,19693,19710,19723,19617,19549,19733,19663,19542,19589,19535,19598,19488,19479,19536,19364,19482,19532,19375,19556,19483,19388,19462,19386,19373,19311,19343,19385,19395,19473,19738,19652,19512,19689,19712,19827,19845,19894,19858,19815,19789,19798,19728,19621,19594,19498,19358,19440,19410,19246,19320,19277,19331,19460,19382,19339,19226,19371,19458,19283,19475,19389,19501,19434,19521,19457,19260,19427,19299,19308,19425,19233,19120,19172,19195,19104,19176,19167,19044,19113,18842,19191,19089,18961,18996,19038,19202,19011,19014,19077,19123,19046,18852,18903,18920,18887,19032,18900,18956,18805,18817,18753,18883,18765,18944,18915,18851,18821,18906,18905,18746,18900,18835,18793,18782,18821,18777,18707,18712,18571,18572,18837,18705,18701,18636,18647,18705,18639,18680,18569,18603,18641,18550,18506,18584,18596,18538,18621,18550,18610,18389,18478,18515,18584,18517,18490,18519,18411,18437,18526,18340,18519,18578,18523,18682,18512,18555,18511,18573,18451,18386,18388,18468,18193,18376,18276,18099,18222,18050,18049,18223,18181,17954,18007,18056,18037,18061,17940,18146,18042,18037,17921,18028,17900,17985,17860,17917,18084,17937,17843,17999,18026,17895,17918,17928,17859,17970,17848,17766,17827,17883,17899,17981,17845,17755,17819,17905,17842,17880,17659,17713,17795,17693,17609,17707,17571,17763,17830,17602,17773,17756,17738,17831,17864,17730,17764,17744,17799,17750,17844,17892,17816,17724,17757,17816,17941,17802,17895,17913,17756,17931,17749,17936,17717,17716,17841,17792,17856,17814,17756,17894,17754,17755,17911,17909,17922,17896,17976,17874,17964,17956,17868,17974,17894,18087,17951,17969,17975,17879,17918,17912,17993,17905,17992,17969,17939,17925,17874,17948,18018,18002,17957,18107,17942,17856,18028,17927,17889,17895,17898,17963,17811,17962,17939,17887,18050,18008,17942,17958,18063,17921,17919,18027,17996,17855,17854,17946,17778,17887,17747,17666,17849,17828,17849,17845,17647,17790,17697,17791,17760,17978,17846,17879,17854,17874,17838,17926,17824,17659,17770,17920,17736,17841,17617,17840,17690,17625,17428,17638,17577,17602,17624,17520,17592,17515,17481,17639,17518,17493,17541,17562,17630,17345,17424,17399,17364,17333,17426,17329,17450,17422,17383,17351,17377,17305,17203,17241,17306,17157,17159,17327,17234,17358,17265,17193,17212,17251,17224,17259,16994,17076,17161,17037,16969,17000,16940,16887,17014,16955,16851,16648,16720,16674,16752,16717,16581,16641,16493,16535,16583,16362,16374,16414,16488,16480,16432,16234,16438,16351,16404,16279,16356,16353,16340,16365,16289,16317,16262,16347,16216,16228,16311,16182,16206,16159,16103,16083,16161,16095,16052,16186,16074,16112,15986,16045,16031,16076,16137,16154,16103,16201,16059,16103,16117,16051,15970,16112,16066,16134,16057,16119,15992,16043,16050,16064,16115,16061,16149,16033,16131,16065,16122,16073,16050,16000,16217,15995,16078,16203,16205,16277,16288,16329,16407,16361,16529,16535,16475,16592,16621,16372,16464,16426,16431,16485,16569,16584,16534,16311,16415,16444,16335,16328,16233,16424,16182,16182,16296,16121,16225,16229,16106,16109,16091,15955,15918,15726,15823,15752,15633,15546,15608,15378,15547,15364,15264,15287,15352,15164,15062,15135,15147,15166,15170,15152,15017,15048,15000,15075,15040,15003,14933,14941,15007,15119,14933,14935,14887,14937,15002,14848,14833,14822,14957,14859,14836,14854,14796,14770,14814,14853,14850,14759,14791,14825,14669,14745,14752,14858,14733,14795,14710,14733,14756,14777,14789,14675,14670,14628,14570,14561,14736,14650,14595,14718,14657,14645,14538,14648,14615,14610,14634,14640,14517,14606,14570,14655,14676,14511,14582,14661,14608,14563,14724,14651,14520,14594,14523,14535,14529,14500,14345,14448,14415,14391,14404,14350,14398,14412,14411,14412,14475,14345,14368,14426,14371,14428,14386,14362,14325,14333,14264,14293,14362,14386,14224,14316,14226,14480,14422,14328,14308,14238,14281,14254,14209,14221,14218,14218,14163,14179,14319,14345,14345,14123,14251,14316,14236,14167,14364,14246,14357,14340,14355,14331,14384,14382,14198,14174,14187,14221,14332,14066,14078,14069,14091,14051,13999,14050,13991,13887,13871,14030,13845,14026,13907,13856,13964,13988,13989,14021,14086,13953,14031,14068,14088,14112,14148,14184,14033,14160,14131,14065,14058,14063,14133,14168,14169,14260,14152,14218,14124,14194,14334,14383,14192,14320,14284,14265,14219,14256,14236,14196,14255,14051,14021,13926,14099,14014,13927,13901,13886,13807,13750,13864,13610,13776,13707,13557,13556,13587,13636,13538,13559,13517,13476,13439,13313,13340,13316,13278,13391,13287,13352,13192,13343,13299,13168,13253,13091,13197,13084,13165,13100,13076,12993,12922,12908,12955,12891,12814,12823,12859,12856,12707,12827,12654,12704,12726,12681,12552,12696,12632,12766,12686,12808,12658,12614,12636,12501,12540,12541,12517,12575,12513,12432,12436,12351,12457,12313,12245,12363,12324,12400,12324,12395,12296,12370,12270,12260,12119,12250,12264,12145,12236,12362,12261,12171,12234,12144,12061,12161,12294,12141,12234,12161,12039,12061,12044,12039,12047,11995,11987,11973,11995,11991,11879,11878,11804,11947,12010,11893,11760,11909,11838,11748,11710,11814,11730,11921,11718,11779,11832,11754,11943,11816,11809,11868,11909,11762,11778,11762,11861,11790,11713,11706,11716,11720,11583,11612,11610,11430,11556,11598,11430,11477,11530,11588,11627,11600,11738,11560,11584,11629,11628,11696,11550,11641,11669,11564,11684,11498,11671,11691,11608,11632,11582,11643,11592,11563,11606,11627,11477,11542,11565,11472,11413,11354,11435,11409,11510,11361,11427,11493,11473,11491,11506,11433,11336,11447,11405,11316,11492,11445,11382,11352,11467,11518,11348,11437,11439,11415,11533,11493,11312,11256,11292,11297,11346,11314,11222,11179,11172,11197,11085,11183,11169,11192,11212,11099,11103,11126,11118,11094,11140,11072,11142,10988,11137,11215,11205,11086,11174,11242,11081,11137,11107,11119,10933,11016,11109,11106,11021,10863,10982,11030,11022,11047,10994,10992,10811,10899,10869,10742,10808,10827,10764,10760,10753,10757,10778,10759,10718,10696,10825,10713,10725,10745,10703,10731,10697,10719,10854,10693,10580,10681,10740,10815,10691,10684,10614,10608,10636,10600,10639,10600,10613,10435,10529,10452,10481,10462,10464,10343,10440,10356,10342,10403,10425,10374,10430,10355,10450,10381,10298,10357,10423,10427,10437,10400,10367,10425,10415,10415,10481,10516,10462,10459,10555,10509,10487,10485,10391,10441,10329,10416,10471,10460,10420,10392,10380,10382,10349,10307,10366,10378,10199,10230,10259,10174,10162,10194,10366,10267,10233,10225,10234,10261,10185,10219,10268,10236,10233,10221,10166,10279,10353,10286,10242,10307,10294,10178,10219,10248,10411,10247,10223,10197,10226,10192,10169,10158,10137,10025,10016,10100,10040,10044,10018,9971,9886,9879,9960,9803,9820,9826,9816,9845,9766,9793,9758,9761,9798,9874,9736,9829,9852,9820,9827,9895,9760,9822,9822,9828,9793,9832,9758,9759,9667,9804,9667,9712,9791,9736,9646,9524,9578,9506,9451,9410,9413,9421,9452,9494,9483,9470,9436,9408,9419,9351,9252,9326,9256,9375,9310,9351,9414,9338,9419,9359,9339,9388,9444,9383,9393,9418,9412,9375,9378,9419,9336,9250,9359,9273,9402,9361,9291,9302,9326,9297,9201,9290,9298,9146,9187,9232,9302,9248,9205,9219,9107,9129,9163,9042,9128,9029,9059,9128,9109,8971,9025,9034,8999,9013,8974,9068,8954,9001,9018,9026,9024,8940,9157,9105,9104,9166,9136,9051,9132,9108,9078,9011,9033,9060,9086,9025,9045,9057,9011,8994,9126,9089,9104,8871,8924,8949,8961,8850,8909,8990,8810,8816,8798,8773,8759,8775,8861,8756,8791,8727,8868,8778,8762,8744,8721,8725,8775,8822,8697,8791,8766,8735,8763,8691,8754,8709,8785,8783,8767,8727,8776,8740,8705,8669,8813,8755,8615,8730,8835,8769,8685,8701,8714,8683,8713,8649,8709,8697,8564,8612,8506,8575,8564,8523,8554,8422,8488,8367,8501,8418,8463,8370,8347,8394,8301,8405,8243,8312,8251,8365,8382
14886,14717,14622,14669,14827,14799,14744,14746,14807,14659,14679,14789,14740,14778,14775,14750,14759,14737,14672,14777,14801,14726,14664,14604,14741,14647,14599,14711,14507,14720,14629,14596,14492,14554,14556,14475,14477,14601,14498,14470,14379,14497,14435,14455,14442,14414,14551,14420,14470,14347,14475,14474,14374,14508,14516,14436,14430,14493,14522,14535,14500,14553,14582,14402,14400,14347,14509,14521,14523,14546,14472,14473,14496,14447,14469,14432,14424,14403,14428,14367,14321,14432,14313,14321,14298,14331,14325,14044,14242,14160,14208,14216,14224,14252,14321,14237,14286,14297,14174,14266,14285,14319,14298,14319,14156,14128,14180,14024,14268,14071,14184,14171,14226,14175,14250,13997,13976,14167,14080,14064,14080,14233,14065,13986,14135,14099,13923,13927,13942,14087,14096,13910,13906,13924,13959,13907,13999,13792,13845,13896,13814,13880,13795,13822,13747,13822,13774,13783,13698,13858,13692,13679,13921,13938,13781,13674,13741,13801,13676,13761,13741,13678,13685,13756,13722,13656,13667,13780,13669,13715,13761,13795,13772,13543,13675,13498,13568,13641,13581,13474,13726,13677,13643,13682,13681,13720,13655,13670,13529,13465,13412,13652,13568,13474,13384,13421,13479,13464,13410,13351,13392,13402,13348,13366,13428,13491,13353,13499,13427,13461,13370,13400,13419,13277,13307,13403,13405,13457,13402,13386,13402,13440,13428,13352,13331,13336,13338,13246,13308,13330,13361,13304,13300,13331,13306,13313,13378,13361,13280,13371,13250,13158,13251,13215,13258,13332,13176,13120,13119,13156,13084,13041,12995,13059,13014,13034,13107,13097,13128,12943,13044,12949,12974,12943,12930,13024,12846,12892,12977,12903,12827,12878,12957,12965,12896,12905,12952,12853,12808,12730,12907,12899,12834,12884,12790,12799,12831,12794,12833,12749,12751,12791,12714,12822,12816,12669,12641,12822,12712,12837,12756,12831,12793,12661,12727,12722,12686,12634,12658,12607,12758,12648,12581,12691,12518,12641,12496,12521,12598,12484,12558,12448,12490,12467,12385,12553,12424,12357,12336,12427,12358,12418,12411,12360,12345,12236,12216,12311,12363,12336,12327,12181,12225,13264,16919,12352,12230,12281,12189,12183,12289,12172,12125,12174,12164,12112,12101,12105,12096,12130,12168,12023,12053,12101,12062,11948,12149,12106,12017,12113,12043,12088,12098,12143,11974,12007,11984,11982,12073,12072,12053,12025,11955,11986,12087,11976,11989,11947,11904,11960,11827,11881,11917,11989,11960,11877,11790,11914,11975,11876,11906,11943,11784,11982,11862,11814,11852,11915,12049,11932,11961,11814,12038,12003,12037,12053,11973,12065,12172,12066,12137,12118,12068,12107,12096,11993,12120,11987,11978,12042,12011,12152,12133,12091,12174,12062,12048,12203,12132,12060,12172,12288,12271,12097,12237,12209,12170,12218,12107,12278,12151,12083,12124,12213,12184,12120,12095,12007,12069,12002,12087,12059,12115,12170,12068,12120,12095,12088,12219,12067,12013,12080,11985,11986,12101,12001,12103,11980,12065,12143,12065,11996,12132,12107,12193,12272,12117,12124,12081,12098,12309,12123,12111,12107,12240,12102,12033,12119,12104,12081,12046,12000,12022,11968,11786,11738,11806,11766,11697,11757,11715,11719,11669,11685,11620,11570,11508,11485,11573,11520,11490,11427,11387,11489,11368,11313,11269,11365,11362,11273,11273,11268,11208,11112,11144,11148,11162,11115,11096,11062,11069,10995,11001,11032,11004,11013,10906,10905,10883,10846,10860,10808,10789,10816,10667,10672,10683,10757,10620,10679,10642,10622,10612,10673,10576,10472,10579,10522,10506,10407,10490,10493,10413,10433,10398,10329,10369,10394,10305,10377,10312,10291,10359,10258,10335,10282,10213,10285,10283,10280,10243,10272,10264,10200,10225,10219,10237,10056,10114,10169,10230,10268,10099,10190,10151,10166,10118,10228,10249,10139,10125,10241,10187,10144,10105,10031,10058,10153,10068,10055,10187,10216,10143,10093,10101,9931,9987,10026,9996,9952,10044,9918,9936,9996,9986,9915,9920,9863,9998,9922,9883,9785,9839,9896,9814,9867,9834,9814,9756,9824,9736,9848,9793,9745,9771,9775,9854,9773,9815,9819,9706,9716,9701,9666,9694,9608,9731,9550,9553,9521,9606,9691,9600,9631,9665,9592,9503,9582,9528,9541,9483,9502,9576,9667,9585,9503,9495,9571,9528,9522,9469,9399,9486,9332,9462,9416,9403,9417,9442,9451,9337,9427,9441,9426,9383,9396,9327,9471,9454,9354,9393,9280,9351,9385,9383,9332,9341,9320,9369,9346,9275,9416,9295,9374,9424,9330,9214,9387,9227,9332,9250,9300,9316,9295,9203,9283,9294,9245,9266,9285,9256,9236,9286,9237,9171,9089,9270,9162,9122,9206,9150,9200,9183,9165,9124,9194,9119,9082,9146,9092,9064,9034,9124,9007,9059,9120,9055,9015,9050,9027,8939,8956,9041,8995,8960,9055,8992,9006,8965,8848,8887,8953,8868,8930,8910,8975,8920,8935,8947,8896,8945,8854,8849,8801,8900,8835,8876,8822,8892,8796,8712,8834,8842,8879,8851,8787,8862,8877,8811,8793,8830,8724,8697,8730,8723,8683,8766,8838,8686,8775,8779,8851,8777,8795,8691,8709,8664,8808,8672,8802,8693,8730,8769,8625,8695,8647,8659,8637,8659,8577,8642,8583,8611,8515,8619,8569,8709,8607,8606,8548,8469,8671,8585,8523,8553,8495,8484,8404,8429,8439,8426,8432,8483,8355,8460,8429,8399,8355,8423,8305,8262,8316,8304,8281,8301,8314,8335,8330,8238,8253,8246,8274,8232,8183,8265,8247,8176,8103,8233,8097,8153,8245,8186,8139,8068,8104,8157,8108,8106,8151,8096,8098,8022,8115,8050,8086,8105,8033,8048,7943,7975,8029,7957,8018,7953,7962,7906,7969,8004,8073,8037,7918,7970,7926,7953,7898,7886,7855,7959,7854,7834,7831,7942,7871,7824,7871,7949,7880,7845,7746,7848,7781,7915,7867,7794,7763,7770,7772,7813,7775,7735,7811,7797,7775,7717,7825,7815,7714,7699,7652,7688,7758,7771,7663,7747,7710,7659,7774,7682,7737,7643,7711,7587,7596,7699,7692,7531,7641,7699,7562,7599,7568,7516,7520,7528,7565,7552,7522,7487,7520,7560,7451,7571,7491,7597,7433,7400,7460,7495,7459,7421,7544,7393,7430,7360,7371,7419,7424,7398,7408,7426,7408,7351,7311,7349,7312,7266,7259,7271,7328,7336,7308,7298,7351,7336,7283,7256,7265,7277,7273,7225,7166,7205,7124,7155,7189,7222,7098,7130,7139,7071,7077,7086,7114,7088,7106,7123,7096,7011,7148,7022,7038,7033,7062,7081,6992,7070,7019,6977,7021,6972,6900,6989,7028,6878,6942,6959,6901,6879,6943,6926,6949,6843,6864,6832,6891,6793,6863,6826,6879,6755,6777,6851,6842,6798,6755,6746,6685,6809,6697,6730,6723,6700,6634,6668,6704,6661,6668,6733,6600,6662,6661,6609,6649,6596,6624,6616,6555,6567,6588,6559,6522,6506,6542,6500,6496,6514,6518,6472,6500,6430,6435,6397,6402,6500,6446,6454,6470,6487,6374,6447,6417,6343,6369,6413,6416,6312,6270,6260,6315,6372,6281,6328,6305,6352,6246,6338,6337,6378,6348,6290,6224,6253,6241,6274,6284,6276,6201,6252,6147,6248,6204,6128,6237,6203,6248,6155,6125,6139,6153,6193,6144,6081,6083,6089,6089,6048,6087,6022,6122,6077,6080,6147,6017,6063,6132,6094,6143,5983,6058,6026,6041,5970,5955,5991,6008,5986,6013,5973,5979,6027,5931,6021,5906,5942,5884,5880,5904,5922,5845,5945,5943,5798,5786,5819,5821,5885,5798,5869,5808,5895,5859,5821,5813,5811,5747,5787,5740,5810,5671,5793,5730,5741,5763,5714,5748,5692,5688,5728,5714,5687,5652,5727,5687,5764,5693,5643,5642,5680,5617,5616,5685,5702,5648,5668,5635,5611,5621,5595,5575,5647,5585,5485,5566,5567,5672,5520,5545,5560,5555,5551,5584,5561,5568,5496,5544,5492,5580,5504,5516,5525,5458,5543,5543,5531,5448,5589,5518,5442,5501,5437,5475,5427,5418,5455,5473,5453,5468,5453,5431,5413,5521,5447,5467,5396,5381,5438,5456,5381,5406,5391,5391,5350,5310,5407,5355,5404,5401,5363,5394,5311,5348,5315,5256,5295,5267,5203,5305,5262,5327,5233,5279,5241,5301,5290,5297,5236,5280,5272,5278,5215,5249,5226,5215,5245,5235,5208,5200,5213,5167,5262,5192,5140,5146,5131,5160,5167,5146,5157,5129,5077,5088,5096,5114,5140,5102,5024,5071,5117,5094,5099,5160,5120,5073,5128,5094,5085,5117,5044,5033,5066,5067,5024,5017,4959,5010,5018,4990,4985,4939,4993,4995,4979,4966,4972,4963,5031,4949,4961,4963,5055,4968,4945,4951,4920,4998,4912,4948,4996,4979,4932,4873,4927,4932,4894,4897,4896,4858,4886,4819,4853,4921,4834,4858,4860,4847,4893,4849,4914,4901,4893,4855,4877,4851,4850,4893,4914,4895,4954,4929,4871,4891,4899,4887,4841,4816,4868,4782,4842,4856,4761,4830,4804,4846,4844,4781,4829,4855,4808,4797,4818,4820,4829,4776,4773,4774,4801,4788,4769,4782,4763,4792,4742,4791,4767,4709,4687,4712,4725,4720,4638,4694,4619,4682,4636,4674,4633,4616,4632,4640,4604,4598,4678,4651,4608,4710,4690,4695,4703,4692,4623,4649,4594,4605,4652,4574,4628,4627,4619,4631,4528,4577,4558,4553,4579,4583,4549,4473,4552,4549,4466,4547,4533,4566,4452,4471,4451,4477,4512,4485,4413,4478,4475,4468,4527,4521,4534,4559,4472,4464,4493,4491,4481,4477,4430,4464,4359,4446,4458,4387,4408,4378,4392,4429,4389,4370,4424,4431,4382,4407,4391,4367,4381,4377,4366,4413,4403,4375,4371,4449,4398,4333,4373,4338,4406,4404,4362,4366,4424,4360,4352,4306,4303,4291,4325,4347,4352,4313,4302,4299,4308,4363,4301,4289,4344,4356,4335,4340,4261,4340,4277,4273,4300,4292,4285,4331,4286,4325,4302,4280,4292,4299,4295,4199,4328,4294,4244,4200,4278,4212,4182,4228,4201,4229,4206,4214,4232,4176,4122,4163,4128,4184,4179,4176,4122,4206,4176,4225,4197,4133,4111,4176,4160,4111,4180,4205,4153,4122,4142,4140,4165,4134,4096,4186,4129,4103,4115,4053,4091,4059,4096,4093,4023,4047,4022,4071,3985,4024,3979,4027,4052,3986,4057,4007,4065,3977,4034,3998,4017,4046,4051,3999,4072,4044,3998,4069,4008,4029,3971,3987,3951,4024,3964,3985,3937,3971,3898,3947,3922,3940,3908,3961,3978,3913,3916,3926,3869,3880,3825,3888,3899,3910,3831,3875,3875,3927,3905,3926,3903,3954,3933,3877,3941,3919,3923,3897,3866,3882,3930,3938,3901,3891,3910,3886,3875,3877,3821,3854,3911,3887,3837,3855,3873,3832,3822,3860,3838,3844,3770,3870,3861,3838,3869,3819,3790,3795,3786,3820,3839,3809,3792,3804,3817,3819,3814,3851,3838,3832,3823,3769,3795,3840,3789,3758,3723,3838,3826,3782,3780,3752,3700,3789,3733,3770,3744,3774,3763,3725,3766,3678,3727,3720,3713,3642,3686,3682,3670,3630,3673,3648,3706,3669,3691,3677,3648,3693,3656,3670,3662,3645,3680,3699,3614,3629,3690,3628,3681,3645,3668,3701,3662,3628,3627,3605,3608,3589,3578,3561,3511,3542,3533,3545,3577,3590,3582,3502,3591,3553,3552,3499,3546,3522,3531,3546,3550,3587,3526,3554,3558,3496,3542,3562,3543,3523,3541,3507,3495,3545,3544,3528,3545,3553,3549,3551,3479,3523,3546,3523,3516,3544,3506,3456,3486,3486,3487,3420,3486,3422,3465,3484,3426,3422,3452,3452,3468,3411,3383,3424,3417,3445,3416,3381,3448,3422,3406,3446,3396,3439,3420,3394,3414,3454,3474,3401,3468,3485,3465,3438,3422,3430,3416,3467,3404,3383,3364,3402,3446,3423,3446,3435,3371,3392,3411,3426,3407,3391,3396,3371,3339,3384,3371,3360,3375,3385,3338,3367,3382,3327,3334,3318,3335,3318,3339,3287,3366,3346,3298,3288,3341,3359,3367,3304,3311,3358,3309,3316,3302,3286,3323,3296,3354,3380,3283,3294,3349,3314,3313,3285,3337,3301,3334,3303,3348,3302,3309,3330,3317,3284,3283,3275,3228,3290,3303,3285,3266,3220,3215,3228,3225,3218,3256,3194,3242,3223,3242,3217,3206,3167,3184,3178
47294,46112,45017,43818,43228,42476,41021,40834,40347,39840,39328,38643,38046,37575,36869,36239,35597,35371,34892,34764,34124,34007,33937,33619,33219,33093,32803,32943,32512,32306,31988,31944,31637,31512,31412,31062,30597,30580,30473,30461,30416,30337,30231,30023,29961,29807,29773,29765,29527,29830,29962,29812,29732,29888,29579,29341,29345,29309,29212,29031,29061,29013,28904,28787,28822,28687,28686,28473,28734,28562,28606,28311,28469,28324,27980,28016,27994,27961,28024,27816,27780,27824,27718,27731,27829,27877,27637,27690,27538,27326,27390,27657,27420,27403,27298,27328,27443,27408,27394,27336,27416,27281,27333,27252,27174,27226,27211,27261,27267,27407,27193,27364,27526,27205,27360,27123,27265,27228,27328,27252,27318,27201,27238,27539,27332,27110,27039,27059,27098,26959,26825,26900,26760,26807,26719,26681,26730,26434,26625,26654,26620,26488,26417,26467,26523,26405,26697,26596,26577,26588,26649,26419,26523,26517,26514,26524,26686,26772,26647,26612,26672,26488,26788,26590,26635,26788,26759,26769,26600,26738,26554,26787,26629,26912,26742,26879,26707,26780,26783,26746,26817,26801,26679,26702,26841,26586,26816,26870,26624,26679,26649,26756,26910,26649,26819,26653,26613,26870,26645,26789,26516,26657,26632,26577,26610,26782,26581,26608,26612,26702,26635,26420,26694,26517,26485,26537,26609,26690,26627,26501,26768,26850,26731,26675,26634,26705,26748,26646,26753,26611,26710,26471,26662,26616,26612,26598,26635,26764,26788,26737,26531,26524,26586,26662,26571,26327,26533,26369,26261,26490,26276,26290,26299,26479,26588,26410,26513,26509,26325,26333,26339,26420,26418,26322,26332,26159,26064,26069,26079,26027,25752,25693,25826,25751,25540,25781,25517,25428,25387,25498,25479,25329,25369,25292,25247,25288,25326,25352,25197,24983,25220,25225,25223,25171,25002,25092,25030,25035,25021,25026,25092,24988,24976,24921,24824,25050,25018,25057,24882,24725,24878,24796,24832,24805,24716,24761,24629,24681,24685,24767,24727,24660,24687,24773,24777,24472,24572,24512,24642,24654,24679,24805,24520,24481,24412,24420,24508,24580,24384,24389,24421,24397,24377,24515,24244,24405,24510,24435,24442,24336,24344,24297,24353,24385,24340,24305,24376,24188,24203,24295,24223,24415,24348,24369,24395,24260,24234,24108,24211,24275,24339,24355,24357,24166,24118,24393,23971,24275,24031,24198,24081,24127,24020,24208,24083,24187,24012,24141,23847,24020,24135,24173,24006,24092,24021,23992,23953,23917,23902,23893,23707,23851,23778,23777,23714,23763,23788,23877,23923,23689,23729,23579,23788,23670,23725,23522,23767,23568,23747,23638,23818,23633,23860,23748,23565,23592,23543,23469,23596,23695,23457,23686,23399,23688,23618,23490,23550,23325,23525,23559,23494,23696,23627,23688,23811,23643,23677,23690,23559,23519,23623,23592,23582,23455,23700,23530,23702,23514,23493,23539,23601,23577,23514,23545,23541,23643,23615,23466,23397,23570,23410,23436,23538,23444,23371,23426,23450,23236,23335,23379,23390,23326,23506,23439,23355,23405,23431,23326,23249,23353,23314,23498,23409,23422,23311,23236,23308,23061,23156,22954,23302,23124,23049,23140,23172,22973,23075,22953,23013,23015,23143,23231,23062,22990,22999,23027,22972,23075,23078,22948,23120,22955,23144,23005,23145,22999,23186,23074,23003,22892,22962,22938,23111,23104,23061,22998,22840,23039,22963,23114,22962,23098,23013,23161,22983,23123,23173,23052,22913,23059,23137,22885,23062,22940,23077,23095,23015,22968,23059,22994,23083,22971,23056,22993,23052,22982,22944,22970,22949,22985,22874,22817,22699,22885,22857,22832,22835,22994,22930,22777,22875,22993,22890,22758,22961,23100,23002,22748,22879,23014,22821,22715,22748,22728,22695,22766,22730,22484,22695,22533,22486,22570,22532,22519,22359,22483,22569,22625,22559,22547,22484,22644,22395,22621,22599,22583,22500,22696,22615,22551,22589,22486,22500,22690,22633,22707,22543,22527,22476,22671,22552,22453,22624,22569,22537,22414,22483,22516,22479,22505,22278,22365,22393,22317,22371,22449,22131,22265,22292,22374,22142,22411,22315,22497,22278,22538,22478,22329,22637,22240,22240,22422,22474,22309,22320,22313,22215,22094,22252,21964,22053,21994,22120,21979,22014,21866,21902,21918,22058,21828,21959,22113,21893,21849,21880,21861,21640,21652,21966,21794,21638,21893,21643,21609,21685,21830,21667,21629,21769,21589,21452,21588,21484,21644,21499,21502,21474,21517,21539,21380,21450,21470,21351,21388,21203,21445,21297,21517,21426,21407,21540,21556,21621,21699,21819,21755,21829,21708,21559,21676,21673,21626,21587,21512,21410,21344,21144,21221,21295,21264,21173,21339,21209,21235,21211,21220,21184,21293,21402,21426,21199,21262,21445,21331,21377,21491,21265,21120,21136,21127,21285,21123,21153,21057,20943,20945,21018,21134,21049,21102,21142,21154,20979,21057,21048,20894,21068,21010,20896,21102,20851,21052,20969,20966,21055,20920,20922,20861,20808,20885,20745,20854,20794,20833,20824,20710,20844,20677,20783,20607,20579,20656,20755,20782,20691,20659,20757,20749,20731,20681,20682,20684,20410,20496,20457,20487,20591,20528,20702,20606,20532,20657,20440,20753,20403,20435,20345,20307,20493,20669,20500,20431,20200,20355,20447,20399,20434,20240,20419,20401,20427,20372,20293,20469,20462,20650,20590,20488,20522,20376,20349,20430,20237,20201,20059,20011,20000,19968,19987,20104,19958,19878,19951,19881,19861,19992,19896,19809,19861,19952,19840,19862,19922,19829,19945,19879,19796,19847,19865,19831,19876,19801,19790,19640,19779,19779,19678,19747,19760,19675,19795,19643,19516,19757,19696,19554,19539,19753,19449,19520,19616,19516,19607,19545,19625,19583,19504,19615,19611,19550,19602,19416,19579,19516,19498,19552,19523,19586,19518,19667,19636,19603,19542,19636,19678,19627,19835,19891,19535,19804,19679,19666,19679,19531,19586,19542,19663,19784,19722,19688,19554,19654,19706,19600,19646,19777,19677,19830,19872,19822,19893,19703,19689,19539,19814,19759,19670,19733,19627,19748,19680,19672,19893,19878,19787,19826,19822,19715,19785,19759,19844,19866,19805,19756,19861,19787,19713,19731,19864,19775,19676,19571,19732,19696,19757,19703,19645,19780,19733,19704,19802,19691,19704,19718,19654,19595,19615,19772,19522,19562,19522,19529,19596,19416,19464,19512,19531,19507,19399,19582,19493,19569,19592,19681,19542,19628,19478,19497,19602,19481,19544,19563,19519,19692,19518,19371,19384,19303,19264,19360,19404,19268,19270,19226,19226,19234,19237,19378,19208,19270,19302,19230,19085,19240,19157,19168,19182,19177,19064,18972,18971,19011,18947,18849,19126,19062,19047,19087,18827,19066,18882,18923,19024,18977,19017,18916,18829,18907,18737,18779,18751,18793,18705,18795,18662,18343,18730,18374,18391,18426,18404,18395,18298,18325,18172,18253,18153,18010,18320,18335,18006,18157,18148,18079,18057,18052,17978,17894,17990,18002,18073,17908,17903,18024,17989,18068,18014,17978,18044,18065,17895,17897,18015,17787,17732,17721,17816,17851,17695,17639,17508,17697,17743,17586,17679,17769,17721,17768,17831,17612,17729,17510,17649,17700,17638,17619,17783,17744,17734,17856,17785,17747,17656,17582,17693,17578,17524,17609,17737,17671,17709,17508,17703,17570,17600,17720,17778,17626,17855,17787,17903,17875,17936,18023,17966,17989,17966,18105,18091,18002,18019,17918,18029,18074,17830,18023,18002,17939,18040,17941,17957,17909,17853,17712,17734,17798,17664,17734,17770,17619,17665,17674,17604,17495,17436,17457,17362,17408,17167,17225,17151,17049,16970,17011,16936,16875,16711,16807,16861,16770,16702,16812,16549,16653,16702,16542,16598,16589,16583,16593,16618,16669,16570,16605,16544,16507,16486,16567,16458,16459,16415,16384,16310,16318,16355,16381,16306,16241,16430,16459,16307,16470,16426,16348,16344,16421,16342,16138,16367,16316,16388,16374,16310,16345,16284,16167,16115,16164,16073,16103,16269,16142,16069,16134,16121,16090,16030,16216,16131,16252,15950,16115,16042,16103,16015,16166,16035,16050,16187,16103,16104,16155,16069,16120,15885,15977,16095,16108,16012,15958,15933,15939,15947,15959,15905,15843,15766,16017,15829,15860,15858,15776,15902,15860,15820,15813,15906,15879,15823,15790,15784,15833,15818,15795,15696,15780,15775,15867,15763,15701,15756,15843,15711,15720,15565,15685,15627,15639,15638,15652,15671,15784,15689,15537,15680,15710,15814,15767,15629,15665,15698,15749,15586,15722,15766,15647,15754,15608,15464,15622,15607,15408,15456,15502,15540,15381,15517,15387,15337,15383,15395,15181,15283,15273,15363,15401,15244,15401,15306,15346,15426,15500,15371,15489,15376,15319,15497,15432,15501,15505,15476,15323,15265,15388,15503,15428,15567,15426,15496,15453,15398,15468,15418,15510,15385,15633,15631,15528,15460,15383,15435,15388,15370,15385,15390,15380,15320,15283,15306,15098,15181,15074,14934,14997,14861,15026,14853,14898,14843,14826,14850,14692,14801,14740,14641,14708,14744,14721,14524,14602,14614,14519,14644,14471,14513,14469,14551,14622,14426,14489,14375,14403,14446,14327,14229,14239,14229,14104,14100,14089,13924,14089,14104,14011,13991,14043,14093,13952,14049,13963,13948,13971,14031,13919,13898,13899,13932,13914,13964,13840,13992,13822,13774,13680,13779,13783,13682,13707,13608,13808,13596,13675,13618,13702,13504,13456,13557,13539,13468,13510,13441,13518,13410,13512,13391,13466,13518,13415,13497,13455,13490,13361,13427,13419,13429,13348,13307,13308,13340,13291,13316,13158,13118,13205,13118,13119,13138,13203,12919,13130,13170,12996,13002,13036,13060,13121,12933,12974,13022,13013,13023,12984,12910,13031,12963,12989,13044,12967,13118,13007,12978,13054,12842,12926,12830,12896,12890,12746,12757,12712,12731,12549,12714,12798,12664,12743,12713,12766,12692,12794,12827,12711,12726,12778,12723,12815,12766,12700,12633,12770,12744,12874,12674,12897,12777,12668,12668,12800,12675,12737,12691,12640,12600,12498,12605,12539,12535,12516,12655,12541,12551,12443,12483,12497,12565,12648,12509,12514,12485,12491,12428,12461,12549,12587,12536,12696,12477,12567,12609,12639,12587,12504,12525,12473,12427,12400,12397,12356,12375,12214,12244,12299,12223,12300,12171,12173,12221,12062,12114,12296,12263,12175,12106,12143,12186,12210,12068,12095,12100,12163,12244,12253,12219,12292,12203,12137,12149,12061,12109,12054,12047,12052,11987,11973,12028,11955,12023,11982,11973,11943,11846,11837,11664,11812,11774,11744,11758,11791,11751,11829,11697,11766,11776,11790,11653,11700,11668,11819,11679,11627,11667,11668,11676,11704,11769,11777,11638,11618,11660,11645,11590,11642,11651,11449,11485,11512,11484,11444,11381,11434,11331,11290,11385,11396,11329,11384,11361,11331,11298,11301,11383,11237,11302,11407,11255,11355,11375,11410,11376,11362,11433,11397,11367,11506,11421,11347,11458,11469,11410,11402,11394,11430,11374,11312,11368,11343,11361,11264,11292,11296,11277,11201,11312,11249,11338,11225,11080,11053,11068,11092,11318,11113,11095,11174,11083,11220,11130,11160,11176,11247,11138,11183,11135,11107,11178,11179,11275,11111,11205,11146,11034,11008,11044,11117,11129,11052,11037,11078,10978,10985,10963,10889,11100,10911,10967,10910,10871,10827,10802,10862,10707,10812,10720,10688,10553,10516,10568,10699,10619,10589,10620,10609,10630,10682,10780,10641,10651,10605,10719,10634,10646,10551,10582,10674,10492,10595,10502,10471,10628,10567,10479,10539,10529,10456,10491,10406,10326,10305,10150,10227,10177,10322,10203,10205,10184,10201,10204,10155,10047,10074,9959,10063,10129,10065,10172,10174,10248,10263,10284,10173,10165,10104,10035,10139,10106,10224,10135,10180,10094,10081,10033,10131,9971,9971,10102,10087,10057,10000,10038,10036,10042,9960,9979,10000,9981,9962,9870,9802,9862,9766,9851,9954,9772,9765,9792,9781,9755,9682,9753,9780,9663,9712,9742,9796,9637,9720,9715,9687,9855,9692,9808,9744,9812,9757,9754,9836,9755,9864,9858,9880,9847,9790,9867,9789,9776,9832,9773,9796,9819,9809,9818,9775,9672,9682,9739,9703,9565,9537,9508,9578,9486,9591,9510,9438,9466,9505,9512,9444,9358,9437,9450,9480,9472,9416,9422,9383,9424,9424,9339,9449,9442,9438,9442,9380,9404,9457,9350,9436,9469,9487,9510,9387,9423,9480,9405,9423,9403,9462,9354,9376,9390,9351,9427,9345,9366,9251,9285,9232,9267,9236,9128,9167,9219,9160,9182,9131,9145,9114,9078,9052,9005,9043,9011,8914,9002,8910,8978,8963,8898,8936
13144,13222,13350,13223,13298,13296,13172,13363,13341,13267,13436,13320,13270,13408,13253,13236,13283,13237,13175,13289,13222,13408,13199,13260,13345,13091,13181,13138,13162,13225,13100,13152,13156,13119,13086,13156,12997,12958,13001,13046,12940,13041,13004,13091,13056,13008,13179,13051,13028,13155,13123,13084,13091,12990,13027,13051,13039,13096,12890,12958,12995,13088,13072,12932,13033,13221,12977,13123,13076,13034,13122,13060,13097,12984,13052,13074,13052,13025,12941,13014,12802,12908,12909,12939,12806,12928,12812,12879,12828,12822,12821,12896,12767,12798,12818,12857,12860,12700,12821,12816,12914,12724,12836,12835,12839,12840,12839,12729,12815,12838,12730,12743,12734,12775,12678,12725,12795,12686,12609,12758,12592,12607,12675,12703,12568,12592,12499,12630,12563,12596,12480,12534,12532,12414,12520,12438,12467,12497,12481,12429,12343,12389,12389,12486,12313,12363,12454,12442,12387,12400,12418,12400,12474,12404,12255,12292,12392,12411,12381,12279,12252,12248,12296,12259,12307,12348,12347,12226,12308,12390,12305,12386,12268,12334,12201,12372,12275,12293,12174,12149,12224,12245,12217,12117,12217,12201,12097,12074,12154,12055,12202,12123,12107,12055,12035,12074,12083,12111,12050,11986,11968,12050,12024,12148,11864,12003,11992,12057,11926,12103,12040,12079,11965,12082,11901,12019,12095,12049,12032,12055,11998,12033,12050,12001,11979,11929,12010,11933,11881,11976,11999,11848,11854,11973,11842,11884,11929,11979,11966,11920,11830,11808,11772,11927,11836,11836,11877,11857,11799,11683,11755,11797,11673,11752,11742,11687,11749,11744,11659,11670,11666,11663,11706,11599,11613,11568,11568,11618,11654,11593,11547,11379,11561,11631,11509,11435,11462,11589,11532,11498,11500,11439,11547,11396,11411,11443,11452,11393,11265,11434,11306,11451,11521,11399,11311,11370,11314,11428,11434,11383,11254,11396,11409,11292,11382,11307,11317,11389,11365,11306,11329,11342,11211,11267,11287,11216,11266,11245,11218,11264,11176,11166,11174,11123,11181,11186,11090,11138,10996,11068,11050,11000,11024,11006,11019,10861,10936,11038,10895,10939,10916,10915,10934,10979,10949,10866,10875,10878,10802,10902,10752,10813,10915,10816,10909,10807,10767,10852,10744,10863,10752,10762,10896,10746,10775,10839,10708,10725,10834,10852,10809,10700,10802,10791,10806,10710,10680,10689,10746,10699,10796,10650,10658,10745,10755,10801,10649,10680,10667,10695,10641,10585,10650,10611,10641,10649,10500,10619,10673,10689,10548,10601,10632,10665,10567,10725,10649,10678,10673,10688,10667,10618,10622,10728,10751,10634,10621,10869,10839,10836,10809,10833,10780,10772,10811,10842,10834,10823,10659,10848,10854,10927,10861,10844,10886,10947,10825,10819,10911,10937,10877,10960,10928,10953,11040,10918,11034,10954,10931,10970,10927,10936,10861,10926,10872,10878,10946,10826,10775,10784,10850,10782,10871,10776,10886,10857,10889,10693,10759,10740,10820,10743,10783,10794,10662,10788,10783,10724,10821,10763,10822,10892,10799,10825,10844,10878,10764,10806,10832,10865,10880,10903,10825,10927,10789,10921,10761,10889,10868,10799,10891,10784,10765,10742,10734,10579,10568,10617,10635,10566,10521,10489,10455,10403,10350,10419,10344,10394,10338,10260,10313,10360,10231,10214,10192,10271,10258,10161,10140,10145,10025,9989,10099,10072,9948,9964,9987,9927,9810,9896,10008,9891,9769,9890,9803,9820,9804,9774,9714,9673,9698,9652,9675,9702,9651,9603,9599,9595,9534,9427,9533,9522,9516,9469,9432,9410,9413,9381,9465,9389,9453,9305,9411,9380,9367,9281,9398,9247,9279,9280,9281,9208,9095,9131,9248,9196,9090,9225,9178,9197,9232,9233,9108,9128,9120,9026,9044,9183,9149,9144,9062,9067,9070,9147,9091,9047,9124,9065,9077,9129,9100,9086,9048,9053,9134,9091,9011,8972,9014,8952,8968,9046,8974,8929,9002,8973,8970,8982,8927,8873,8827,8935,8965,8832,8925,8848,8905,8771,8900,8868,8826,8823,8737,8852,8771,8813,8773,8799,8757,8767,8835,8756,8791,8772,8682,8758,8715,8793,8770,8727,8684,8652,8613,8664,8612,8772,8633,8645,8672,8546,8503,8627,8630,8567,8546,8571,8555,8415,8592,8589,8509,8515,8465,8525,8465,8471,8482,8502,8415,8558,8473,8396,8477,8562,8449,8411,8515,8362,8397,8421,8343,8480,8373,8373,8511,8415,8500,8419,8403,8328,8389,8261,8323,8292,8299,8313,8311,8298,8290,8343,8250,8337,8301,8299,8363,8333,8291,8247,8285,8224,8323,8262,8317,8227,8310,8339,8312,8313,8281,8200,8214,8199,8244,8351,8257,8284,8310,8260,8242,8302,8271,8208,8178,8277,8173,8264,8228,8205,8128,8165,8167,8149,8083,8164,8082,8220,8127,8091,8164,8061,8164,8091,8023,8066,8085,8056,8053,7998,8002,8017,8068,7996,7918,7951,8008,7932,7998,7908,7951,8004,8013,8005,7938,7977,7956,7991,7975,7879,7964,7941,7924,7983,7960,7926,7898,7950,7900,7904,7848,7938,7946,7828,7878,7862,7794,7846,7872,7908,7777,7872,7855,7819,7739,7903,7792,7792,7791,7793,7750,7745,7759,7725,7770,7710,7722,7786,7710,7713,7686,7751,7795,7687,7806,7749,7656,7714,7616,7760,7789,7639,7715,7631,7648,7657,7651,7649,7562,7593,7617,7490,7625,7552,7506,7531,7501,7549,7600,7501,7503,7482,7480,7466,7442,7504,7506,7416,7470,7431,7445,7471,7384,7445,7443,7331,7375,7369,7411,7457,7351,7382,7369,7399,7385,7385,7250,7287,7356,7226,7343,7232,7255,7291,7277,7233,7240,7249,7262,7190,7157,7176,7202,7170,7201,7201,7134,7142,7132,7203,7136,7130,7129,7190,7155,7074,7105,7171,7120,7127,7066,7103,7127,7032,7086,7070,7059,7080,7023,7096,7048,6995,7008,6948,7075,7061,7045,7091,6999,6960,6987,7056,6975,6958,7067,6961,6968,6984,6946,6995,6947,6880,6956,6829,6919,6878,6917,6941,6952,6965,6923,6919,6927,6899,6712,6787,6813,6826,6865,6796,6859,6803,6773,6710,6818,6841,6826,6797,6738,6767,6752,6778,6811,6708,6828,6739,6789,6746,6700,6719,6788,6708,6696,6642,6709,6700,6610,6737,6755,6671,6624,6679,6630,6642,6696,6576,6558,6673,6543,6592,6618,6597,6467,6608,6446,6549,6512,6540,6501,6553,6565,6384,6450,6503,6386,6405,6425,6416,6481,6436,6394,6376,6420,6328,6448,6383,6460,6348,6375,6384,6371,6350,6349,6421,6295,6350,6369,6238,6276,6381,6320,6279,6282,6238,6239,6238,6272,6229,6184,6197,6195,6222,6256,6249,6132,6215,6152,6202,6146,6099,6175,6184,6210,6157,6118,6174,6126,6074,6075,6010,6052,6045,6017,6060,6048,5999,5996,6058,6020,6035,6023,6038,5975,6001,6032,6004,5933,5973,5935,5947,5950,5881,5904,5945,5854,5937,5863,5863,5796,5829,5843,5834,5771,5851,5738,5770,5752,5785,5786,5752,5720,5832,5809,5769,5718,5798,5690,5765,5672,5700,5690,5722,5735,5633,5651,5628,5599,5636,5606,5642,5658,5620,5564,5652,5580,5588,5649,5567,5626,5558,5563,5543,5648,5558,5522,5612,5583,5608,5530,5558,5543,5507,5495,5491,5456,5473,5483,5489,5459,5461,5541,5429,5510,5388,5423,5461,5459,5406,5431,5492,5470,5456,5482,5405,5425,5409,5383,5422,5358,5414,5362,5324,5319,5351,5383,5353,5327,5349,5271,5296,5302,5283,5278,5215,5184,5275,5296,5282,5189,5238,5278,5261,5236,5199,5188,5228,5206,5218,5252,5251,5143,5145,5108,5181,5188,5187,5154,5082,5093,5150,5106,5114,5113,5149,5046,5145,5107,5067,5154,5077,5054,5097,5092,5083,5052,5063,5018,5043,5001,5017,4984,5039,5009,5007,4985,5016,4985,4978,5003,4956,4992,4962,4984,4956,4966,4981,4891,4916,4993,4973,4977,4982,4928,4978,5011,4918,4870,4957,4931,4897,4912,4891,4867,4885,4912,4889,4921,4824,4797,4919,4839,4883,4889,4889,4892,4921,4837,4840,4863,4851,4861,4841,4798,4810,4809,4779,4814,4748,4793,4823,4803,4742,4786,4769,4831,4775,4731,4787,4740,4727,4780,4743,4734,4789,4691,4720,4704,4704,4707,4691,4702,4697,4759,4718,4682,4699,4693,4686,4630,4698,4706,4677,4582,4674,4638,4631,4616,4668,4629,4632,4618,4590,4617,4643,4632,4509,4602,4638,4587,4522,4578,4544,4606,4544,4641,4590,4607,4513,4534,4562,4559,4548,4575,4497,4515,4536,4532,4523,4473,4505,4448,4478,4462,4476,4414,4422,4503,4463,4434,4432,4505,4477,4457,4458,4471,4426,4453,4441,4465,4436,4442,4448,4427,4420,4415,4440,4415,4392,4401,4338,4395,4391,4395,4400,4384,4352,4443,4414,4399,4398,4402,4386,4370,4411,4415,4431,4410,4348,4385,4397,4362,4446,4414,4400,4366,4375,4399,4356,4426,4354,4358,4339,4379,4328,4345,4371,4312,4307,4316,4369,4358,4341,4295,4348,4324,4317,4352,4361,4247,4257,4290,4270,4317,4283,4259,4239,4290,4277,4271,4273,4267,4254,4227,4241,4234,4216,4253,4240,4258,4195,4170,4229,4230,4156,4184,4224,4187,4296,4163,4159,4208,4190,4203,4192,4175,4168,4141,4117,4108,4141,4128,4135,4136,4116,4104,4121,4137,4160,4069,4068,4036,4144,4107,4102,4140,4074,4074,4049,4053,4046,4109,4100,4059,4050,4056,4064,4058,4098,4045,4042,4034,4023,4054,4055,4081,3991,4025,4014,4001,4007,3964,4020,3994,4001,3950,4029,3962,3979,3945,4015,4025,4008,3979,4002,3973,3984,4002,4023,3961,4005,3957,4010,3986,3952,3961,3923,3951,3977,4015,3991,3935,3969,3947,3917,3954,3943,3961,3937,3882,3894,3919,3919,3913,3875,3872,3875,3899,3886,3925,3885,3919,3915,3883,3862,3905,3913,3907,3869,3902,3905,3877,3920,3897,3883,3922,3853,3835,3830,3863,3859,3845,3818,3811,3825,3803,3790,3858,3799,3801,3818,3782,3826,3796,3843,3748,3806,3744,3743,3747,3865,3820,3774,3811,3772,3815,3822,3751,3769,3819,3822,3759,3768,3776,3703,3771,3735,3790,3728,3685,3712,3731,3740,3722,3687,3668,3683,3681,3644,3708,3671,3640,3652,3640,3674,3657,3689,3680,3702,3690,3683,3665,3669,3695,3669,3679,3665,3614,3656,3621,3682,3640,3700,3644,3649,3645,3678,3551,3619,3595,3631,3610,3560,3561,3561,3584,3567,3553,3566,3615,3543,3577,3573,3527,3556,3590,3547,3558,3526,3546,3584,3575,3559,3578,3537,3536,3639,3552,3580,3562,3605,3571,3516,3585,3545,3497,3590,3510,3562,3559,3537,3573,3545,3543,3543,3519,3480,3527,3509,3452,3434,3456,3459,3505,3455,3490,3515,3469,3482,3483,3484,3520,3479,3485,3537,3493,3466,3522,3488,3509,3513,3495,3492,3522,3458,3485,3473,3497,3463,3476,3444,3448,3421,3471,3434,3428,3453,3476,3458,3449,3380,3453,3356,3389,3383,3326,3369,3389,3339,3368,3386,3405,3405,3341,3373,3381,3382,3377,3436,3324,3359,3379,3396,3416,3354,3369,3379,3393,3330,3337,3359,3325,3331,3298,3315,3357,3282,3274,3295,3263,3272,3286,3231,3304,3292,3296,3318,3246,3261,3234,3292,3247,3249,3235,3244,3271,3240,3274,3224,3295,3235,3236,3220,3182,3256,3255,3275,3271,3274,3218,3247,3259,3240,3203,3255,3207,3239,3213,3200,3214,3201,3200,3217,3184,3191,3212,3160,3220,3188,3198,3194,3220,3184,3152,3151,3135,3166,3190,3154,3228,3135,3170,3149,3173,3169,3154,3181,3157,3130,3131,3138,3110,3139,3161,3153,3136,3136,3165,3184,3155,3159,3200,3198,3178,3141,3136,3191,3148,3194,3180,3159,3163,3159,3158,3176,3127,3127,3140,3145,3144,3117,3091,3123,3098,3133,3093,3113,3093,3091,3122,3104,3069,3077,3042,3052,3056,3089,3095,3099,3092,3075,3081,3073,3070,3104,3096,3059,3059,3054,3088,3091,3092,3066,3080,3087,3058,3051,3064,3069,3065,3039,3071,3080,3065,3041,3031,3062,3022,3073,3057,3036,3038,3044,3002,3014,2999,3008,2985,3004,3019,2995,2972,2992,3024,2999,2968,2970,2979,3013,2979,2956,2974,2971
46267,45374,44519,43750,42890,42420,41706,41108,40989,40188,39529,39182,38620,37910,37403,36953,36655,36447,35994,35639,35474,35306,34947,34735,34413,34561,34064,33927,33744,33514,33322,33122,32779,32922,32598,32311,32130,32034,31772,32067,31637,31635,31616,31616,31491,31244,31292,31203,31318,31226,31399,31227,31402,31373,31013,31032,30878,30665,30680,30542,30417,30569,30673,30422,30163,30207,30089,30128,30048,30251,30052,29962,30059,29498,29565,29787,29669,29427,29733,29476,29238,29281,29263,29152,29147,29279,29167,29034,29134,29052,28916,28999,28901,28980,28937,28917,28909,28662,29124,28922,29000,28765,28917,28824,28751,28697,28843,28965,28991,28872,28897,28884,28961,28777,28903,28985,28737,28963,29064,28920,28865,28702,28833,28866,28679,28804,28600,28502,28459,28365,28500,28498,28241,28429,28259,28355,28089,28274,27949,28035,27968,28130,28111,28117,28131,28079,27943,27996,28108,28199,28152,28110,28073,28064,28216,28155,28245,28400,28243,28369,28356,28228,28418,28128,28297,28185,28359,28275,28408,28299,28333,28259,28187,28251,28190,28363,28116,28226,28255,28020,28321,28457,28272,28220,28516,28191,28114,28158,28224,28295,28203,28279,28242,28275,28249,28108,28160,28356,28191,28133,28117,28167,28133,28239,27948,28077,28056,28137,28118,28392,28169,28030,28135,28219,28389,28140,28125,28149,28053,28194,28275,28471,28246,28351,28283,28198,28136,28388,28388,28262,28184,28175,28279,28201,28449,28137,28272,28340,28089,28240,28188,28198,28094,28135,28064,28013,28103,28073,28144,28186,28148,28158,28112,27930,27899,28026,27971,28049,27947,27972,27955,27781,27903,27818,27810,27841,27620,27659,27619,27386,27422,27518,27266,27294,27458,27303,27333,27237,27137,27236,27069,27090,27056,27019,26889,27167,26888,27083,26907,26828,26779,26877,26815,26912,26731,26852,26662,26887,26579,26659,26499,26614,26648,26429,26551,26512,26738,26589,26556,26590,26566,26582,26441,26613,26524,26507,26375,26492,26366,26360,26165,26503,26395,26323,26249,26270,26361,26273,26261,26229,26383,26194,26218,26234,26254,26186,26146,26069,26037,25998,25944,25968,25977,25979,26052,26054,26047,26013,26097,25941,25981,25944,26036,25992,25825,25849,25937,25973,25762,26000,26079,26016,25823,25939,25880,25921,25826,25940,25865,25820,26033,25915,25968,25815,25964,25743,25714,25709,25783,25752,25771,25717,25776,25498,25500,25718,25564,25532,25662,25621,25499,25617,25666,25611,25428,25551,25637,25643,25519,25365,25302,25388,25305,25458,25332,25340,25373,25280,25213,25304,25196,25255,25265,25252,25376,25225,25377,25303,25182,25111,25126,25106,25131,25122,24889,25221,25195,25126,25147,25136,25035,25017,25303,25204,25128,25013,25045,25101,25110,25164,25259,25099,25237,25257,25155,25180,25141,25085,25275,25136,25250,24903,25082,25101,25050,25115,24974,25053,25145,25233,25175,24951,25054,25034,24931,25118,25046,25074,24946,25061,25066,24917,24977,24895,25078,25007,24944,24754,24918,24962,24875,24955,24834,24802,24826,24835,24805,24902,24543,24759,24812,24658,24775,24537,24801,24546,24578,24731,24536,24631,24706,24560,24719,24392,24528,24533,24294,24463,24586,24472,24451,24487,24388,24458,24415,24465,24512,24622,24251,24294,24454,24415,24490,24564,24282,24459,24355,24264,24310,24385,24294,24462,24285,24442,24277,24359,24456,24611,24254,24435,24384,24482,24395,24436,24520,24252,24264,24375,24483,24307,24445,24426,24217,24223,24330,24346,24404,24328,24348,24398,24598,24312,24482,24412,24166,24413,24296,24309,24263,24094,24146,24272,24159,24217,24148,24125,24164,24169,24238,24220,24010,24217,24349,24207,24222,24136,24081,24207,24250,23984,24050,24224,24045,23767,24148,24082,23899,23986,23778,23887,23977,23729,23759,23953,23823,23712,23729,23705,23694,23970,23972,23715,23776,23831,24113,23837,23812,23638,23694,23802,23788,24007,23730,23948,23923,23921,23788,23893,23841,23868,23982,23751,23859,23926,23802,23647,23848,23735,23731,23591,23523,23693,23578,23546,23528,23410,23466,23439,23552,23525,23595,23391,23564,23632,23697,23612,23507,23683,23719,23643,23584,23563,23717,23547,23562,23450,23488,23478,23469,23255,23338,23420,23356,23219,23359,23176,23012,23028,23106,23024,23103,23095,22980,23098,22938,22966,22799,22780,22866,22919,22848,22884,22745,23004,22670,22720,22660,22744,22886,22771,22882,22818,22602,22669,22508,22505,22569,22758,22551,22437,22590,22634,22400,22529,22477,22473,22451,22575,22548,22558,22673,22766,22816,22785,23048,22926,22744,22738,23000,22749,22703,22800,22660,22439,22568,22366,22268,22397,22270,22303,22335,22333,22384,22243,22499,22298,22411,22272,22480,22388,22404,22492,22509,22482,22353,22453,22243,22422,22301,22350,22187,22303,22314,22232,22249,22267,22035,22170,22024,22095,22019,22105,21947,22118,21899,22154,22171,22123,21842,22154,22051,21961,21965,22004,21791,21882,21869,21949,21882,21814,21983,21685,21872,21679,21790,21763,21639,21846,21683,21956,21778,21650,21556,21804,21750,21711,21740,21717,21668,21645,21409,21688,21560,21543,21584,21669,21442,21572,21444,21374,21431,21447,21312,21452,21488,21364,21358,21463,21438,21287,21311,21454,21382,21355,21338,21435,21342,21368,21168,21209,21211,21497,21283,21450,21452,21310,21377,21442,21255,21377,21236,21347,21376,21264,21099,21056,20972,21075,20993,21042,20639,20742,20854,20965,20907,20843,20906,20932,20699,20587,20736,20808,20806,20692,20740,20750,20751,20728,20766,20695,20505,20554,20637,20664,20580,20601,20522,20575,20753,20619,20656,20525,20449,20538,20640,20593,20600,20502,20487,20505,20440,20462,20409,20239,20350,20349,20350,20312,20439,20232,20309,20297,20398,20305,20279,20358,20430,20386,20555,20448,20396,20332,20527,20397,20402,20618,20623,20578,20472,20467,20640,20450,20441,20345,20494,20406,20335,20318,20407,20352,20407,20407,20379,20410,20514,20701,20361,20450,20514,20478,20571,20510,20515,20616,20343,20454,20563,20513,20561,20629,20538,20491,20565,20414,20608,20596,20616,20710,20462,20471,20473,20517,20574,20519,20573,20471,20427,20429,20614,20448,20532,20487,20559,20648,20480,20516,20469,20507,20533,20569,20444,20522,20434,20495,20244,20376,20320,20351,20281,20204,20294,20392,20349,20292,20362,20296,20143,20228,20176,20249,20236,20261,20367,20233,20297,20194,20213,20154,20180,20307,20152,20207,20197,20198,20086,20141,20136,20049,19861,20056,19918,20001,20064,20066,19842,19910,19844,20105,19972,19979,19765,19798,19745,19922,20054,19709,19738,19776,19687,19874,19764,19660,19751,19600,19720,19867,19849,19754,19686,19588,19736,19487,19513,19560,19633,19621,19577,19420,19658,19435,19590,19512,19396,19491,19124,19279,19345,19228,19134,19184,19070,19036,19145,18970,18926,18894,18812,18745,18878,18734,18893,18667,18678,18755,18786,18695,18780,18615,18554,18664,18617,18606,18718,18530,18684,18549,18578,18592,18681,18458,18548,18523,18351,18542,18376,18465,18343,18429,18327,18358,18315,18365,18281,18480,18113,18278,18343,18430,18290,18348,18398,18362,18208,18241,18462,18439,18360,18446,18304,18307,18255,18276,18298,18276,18358,18301,18316,18245,18290,18330,18363,18242,18380,18263,18320,18523,18432,18361,18412,18460,18550,18543,18538,18716,18646,18767,18800,18535,18794,18570,18620,18649,18542,18552,18595,18479,18596,18504,18539,18566,18469,18504,18301,18475,18429,18398,18281,18469,18347,18354,18242,18183,18176,18147,18027,18024,17930,17971,17739,17821,17781,17688,17567,17470,17535,17518,17509,17306,17235,17171,17221,17199,17168,17266,17138,17228,17216,17108,17124,17163,17031,17216,17177,17147,17019,17013,17027,16952,17074,16884,16887,17000,17046,16931,16898,16993,16890,16765,16951,16906,16915,17003,16956,16901,16789,16853,16851,16887,16816,16905,16791,16925,16703,16787,16732,16804,16687,16664,16708,16695,16741,16593,16677,16682,16630,16704,16669,16692,16624,16722,16702,16675,16643,16726,16525,16599,16550,16576,16632,16682,16665,16664,16538,16736,16534,16634,16568,16552,16531,16392,16467,16484,16521,16395,16394,16419,16215,16446,16331,16459,16438,16294,16429,16500,16274,16301,16337,16261,16340,16414,16509,16329,16461,16240,16346,16233,16174,16320,16150,16251,16335,16163,16180,16106,16143,16077,16072,16067,16189,16162,16082,16125,16010,16206,16141,16086,16400,16215,16223,16122,16289,16283,16098,16179,16114,16299,16109,16114,16041,16261,16040,16023,15937,16034,15886,15923,15968,15833,15866,15774,15744,15834,15724,15803,15870,15729,15741,15818,15874,15799,15914,15917,15859,15949,15854,15927,15907,15880,15861,15753,15905,15798,15793,15911,15871,15986,15902,15971,15966,16064,15873,15989,15949,15960,16001,15926,16168,16006,16097,15829,15931,15849,15835,15871,15899,15862,15848,15757,15765,15632,15558,15410,15518,15438,15471,15440,15288,15400,15372,15273,15402,15315,15213,15231,15400,15218,15094,15278,15181,15039,15132,15038,15082,15213,15001,15019,14919,15020,15015,14877,14874,14985,14733,14743,14745,14655,14558,14584,14682,14453,14390,14535,14468,14527,14486,14564,14415,14534,14343,14404,14448,14418,14536,14491,14433,14369,14329,14359,14324,14245,14224,14426,14245,14370,14170,14211,14247,14133,14146,14260,14110,14016,14055,13978,13977,13954,14060,13918,13836,13953,13914,13854,13784,13812,13791,13898,13871,13820,13912,13927,13968,13780,13812,13779,13761,13759,13724,13784,13592,13661,13651,13609,13524,13577,13494,13524,13507,13404,13453,13400,13529,13465,13477,13434,13388,13457,13411,13491,13470,13381,13419,13391,13370,13367,13298,13394,13510,13386,13335,13356,13432,13348,13233,13225,13300,13233,13134,13263,13217,13113,13088,13103,13122,13063,12992,13028,13108,13083,13132,13004,12950,13137,13195,13103,13185,13077,13122,13220,13097,13140,13074,13176,13194,13084,13074,13202,13117,13004,13069,12887,12986,13056,12909,13007,13017,12960,12966,12941,12871,12851,12885,12825,12760,12924,12844,12893,12883,12955,12992,12793,12797,12710,12743,12848,12911,12799,12754,12790,12933,12897,12915,12865,12819,12823,12613,12713,12720,12527,12610,12634,12618,12548,12564,12517,12638,12598,12422,12475,12566,12564,12522,12442,12515,12505,12411,12378,12429,12515,12494,12558,12449,12477,12512,12527,12549,12463,12474,12430,12468,12501,12384,12276,12334,12394,12292,12326,12138,12255,12201,12148,12103,12154,12021,12084,11920,12035,11983,11980,12117,12015,11922,11957,12063,11982,12018,11974,11968,12108,11956,11999,11892,11947,11886,12042,12012,12004,11951,11958,11998,11861,11790,11859,11828,11763,11704,11813,11698,11795,11668,11719,11540,11509,11660,11531,11553,11633,11567,11656,11507,11531,11648,11568,11693,11571,11616,11540,11587,11680,11577,11622,11531,11646,11688,11745,11710,11688,11619,11664,11611,11598,11654,11551,11669,11666,11522,11559,11481,11611,11535,11519,11549,11437,11351,11509,11407,11422,11227,11250,11370,11282,11346,11396,11435,11300,11299,11313,11325,11308,11326,11453,11292,11438,11393,11372,11428,11411,11388,11511,11350,11392,11300,11223,11450,11294,11241,11293,11345,11277,11252,11136,11157,11136,11104,11184,11118,11080,11017,11124,11132,11003,10997,10940,10958,10859,10862,10890,10760,10858,10791,10844,10847,10848,10889,10930,10876,10770,10866,10693,10933,10882,10897,10768,10752,10768,10686,10742,10829,10827,10849,10721,10741,10632,10734,10724,10525,10559,10459,10343,10381,10494,10440,10386,10410,10330,10394,10346,10287,10198,10276,10186,10220,10298,10246,10362,10404,10332,10466,10322,10308,10292,10302,10410,10233,10342,10284,10363,10309,10246,10385,10299,10308,10209,10297,10263,10203,10213,10206,10289,10187,10211,10207,10153,10188,10156,10127,10070,10159,10129,10104,10001,9993,10000,10021,9939,9891,9891,9960,9890,9882,9919,9907,9859,9847,9911,9844,9845,9820,9799,9874,9919,9891,9947,9997,9959,10004,9924,10055,9971,9866,9917,9917,9979,9975,9982,9827,9946,9910,10007,10007,9931,9813,9942,9760,9799,9718,9784,9770,9712,9591,9611,9641,9687,9621,9570,9631,9536,9576,9542,9570,9614,9526,9514,9523,9496,9472,9535,9504,9575,9493,9497,9531,9558,9584,9572,9557,9441,9444,9515,9511,9519,9562,9499,9563,9649,9570,9621,9541,9521,9475,9418,9435,9575,9531,9428,9380,9456,9330,9372,9287,9220,9370,9304,9345,9180,9228,9207,9213,9198,9181,9107,9118,9044,9054,9123,8989,9015,9118,9038,8988,9045
12298,12263,12202,12149,12266,12216,12250,12174,12352,12170,12259,12280,12260,12264,12245,12294,12205,12059,12201,12153,12223,12174,12229,12273,12121,12150,12129,12149,12167,12123,12137,11927,12032,12076,12048,12049,11998,12048,12040,12054,12014,11984,11909,11917,11943,11925,12071,11877,11944,12122,12035,11982,12007,11991,12024,12027,11993,12006,12038,12075,12003,12042,12097,12122,11992,11998,12032,12023,12021,12052,11967,12040,11996,11897,11938,11874,11992,11947,11824,11855,11799,11757,11814,11689,11783,11752,11696,11827,11726,11707,11760,11784,11750,11729,11722,11723,11733,11778,11736,11719,11620,11737,11712,11630,11648,11762,11727,11755,11654,11686,11792,11652,11630,11740,11641,11614,11678,11689,11724,11634,11577,11615,11648,11661,11542,11644,11597,11514,11535,11551,11383,11410,11490,11416,11407,11499,11505,11419,11439,11389,11480,11399,11378,11340,11339,11267,11367,11387,11369,11308,11336,11298,11294,11357,11329,11335,11331,11381,11332,11317,11226,11206,11378,11223,11295,11394,11349,11313,11333,11293,11245,11287,11207,11290,11200,11201,11219,11251,11205,11256,11208,11129,11184,11233,11120,11180,11152,11191,11187,11070,10978,11110,11173,11094,10974,11022,10992,11110,11053,11095,11074,11003,10931,10901,11041,11031,11069,11060,10930,10976,10916,11037,10970,10942,10886,10948,10963,11054,10868,10939,10928,11048,11023,10928,10918,10836,11019,10917,10966,10950,10925,10915,10925,10766,10877,10803,10949,10922,10824,10843,10940,10810,10833,10828,10840,10781,10744,10813,10694,10789,10666,10681,10738,10582,10668,10688,10671,10681,10726,10642,10622,10564,10612,10700,10612,10578,10545,10633,10646,10617,10603,10523,10510,10546,10559,10536,10485,10482,10522,10400,10404,10443,10527,10439,10488,10460,10507,10304,10547,10327,10463,10495,10418,10503,10398,10399,10366,10339,10399,10306,10372,10314,10353,10420,10334,10456,10330,10451,10335,10409,10303,10331,10328,10307,10257,10317,10270,10216,10255,10199,10190,10278,10178,10171,10164,10026,10095,10226,10174,10189,10058,10075,10009,10107,10130,10007,10024,10030,10038,10002,10018,9979,10052,10049,9865,9940,9987,10040,9936,9852,9920,9931,9834,9922,9889,9796,9868,9811,9812,9907,9917,9940,9941,9865,9894,9783,9809,9977,9832,9808,9891,9842,9853,9849,9799,9820,9740,9754,9763,9836,9730,9786,9788,9809,9787,9774,9798,9728,9734,9662,9678,9700,9781,9774,9695,9682,9678,9632,9639,9624,9538,9677,9665,9786,9812,9670,9619,9750,9716,9682,9696,9699,9779,9748,9749,9817,9770,9847,9770,9797,9820,9902,9843,9846,9903,9886,9956,9846,9888,9895,9821,9929,9931,9963,10001,9961,9926,10027,9934,9994,9922,9973,9994,10020,10009,9960,10005,9974,9898,9970,10034,9940,9970,9934,9919,9862,9908,9881,9896,9831,9898,9791,9853,9847,9827,9905,9841,9938,9846,9916,9822,9952,9876,9863,9891,9870,9772,9800,9767,9982,9920,9910,9907,9893,9915,9937,9953,9850,9949,9973,9949,10038,9953,10096,9920,9906,10016,9946,9903,9850,9878,9857,9878,9839,9798,9719,9702,9769,9609,9561,9605,9690,9623,9581,9607,9471,9526,9532,9387,9385,9375,9310,9326,9336,9315,9303,9286,9316,9295,9257,9217,9227,9247,9230,9215,9069,9077,9185,9052,9040,8986,9016,9058,9029,8988,8866,8926,8861,8887,8857,8982,8833,8846,8768,8772,8785,8697,8757,8712,8727,8695,8627,8627,8592,8654,8629,8577,8594,8492,8557,8534,8470,8531,8457,8487,8544,8404,8535,8469,8406,8438,8376,8357,8373,8359,8388,8409,8440,8402,8365,8442,8376,8306,8342,8289,8307,8359,8292,8321,8340,8307,8385,8240,8317,8319,8298,8291,8308,8337,8397,8308,8281,8373,8227,8380,8266,8229,8181,8296,8207,8239,8193,8218,8299,8192,8247,8167,8138,8071,8178,8137,8169,8131,8160,8122,8099,8085,8103,8082,8075,8137,8183,8087,7995,8019,7985,8100,8003,8044,8054,7979,7963,7888,7991,7982,8009,7966,7934,7931,7900,7964,7883,7939,7851,7787,7907,7931,7884,7922,7880,7872,7897,7811,7821,7878,7785,7825,7797,7720,7807,7812,7864,7768,7799,7731,7799,7831,7737,7665,7595,7759,7743,7636,7699,7705,7688,7756,7689,7713,7808,7691,7720,7677,7773,7766,7689,7732,7667,7687,7656,7657,7631,7594,7657,7607,7680,7690,7562,7609,7602,7698,7579,7611,7708,7624,7612,7606,7609,7592,7648,7677,7566,7639,7611,7673,7669,7576,7674,7564,7548,7574,7535,7604,7527,7601,7614,7546,7599,7585,7626,7554,7505,7478,7556,7512,7545,7457,7484,7437,7509,7479,7391,7453,7456,7444,7367,7474,7485,7471,7394,7437,7417,7423,7435,7347,7445,7452,7350,7400,7426,7367,7388,7367,7387,7313,7397,7282,7306,7284,7308,7348,7350,7306,7316,7332,7276,7302,7307,7370,7368,7351,7338,7207,7278,7250,7302,7354,7247,7201,7266,7209,7211,7277,7214,7206,7243,7275,7137,7265,7208,7191,7164,7233,7247,7217,7120,7148,7142,7117,7159,7203,7145,7220,7156,7170,7180,7058,7129,7171,7089,7041,7160,7124,7004,7048,7093,7001,7053,7056,7077,7091,7071,6976,7047,7072,6991,6976,6991,6954,7019,6963,6993,6884,6884,7003,7007,6961,6859,6885,6827,6981,6944,6896,6856,6959,6827,6728,6870,6883,6856,6771,6825,6837,6803,6856,6811,6703,6766,6787,6750,6808,6725,6751,6821,6731,6717,6707,6780,6733,6664,6719,6683,6734,6632,6609,6650,6642,6659,6694,6762,6662,6595,6624,6638,6597,6615,6612,6598,6647,6542,6597,6566,6556,6544,6506,6516,6581,6543,6541,6551,6478,6518,6579,6554,6652,6534,6483,6542,6485,6393,6522,6478,6474,6487,6489,6520,6486,6487,6461,6468,6436,6449,6368,6431,6414,6489,6415,6460,6428,6436,6403,6412,6435,6384,6438,6375,6423,6367,6301,6408,6384,6300,6328,6444,6291,6319,6395,6274,6350,6254,6301,6282,6257,6249,6234,6273,6258,6289,6297,6185,6235,6236,6263,6258,6267,6304,6234,6247,6134,6193,6140,6143,6170,6142,6124,6167,6217,6166,6139,6068,6097,6082,6083,6068,6083,6174,6057,6086,6074,6045,6052,6076,6028,6041,6051,5955,6032,5976,5924,5977,5952,5911,5934,5946,5954,5993,5980,5855,5972,5961,5876,5910,5899,5886,5829,5856,5791,5852,5837,5854,5926,5843,5855,5844,5825,5916,5777,5747,5858,5745,5813,5784,5787,5746,5756,5747,5752,5774,5718,5713,5728,5708,5637,5694,5691,5668,5683,5699,5686,5650,5679,5662,5645,5608,5635,5616,5586,5555,5496,5571,5559,5567,5628,5542,5567,5548,5630,5499,5447,5487,5475,5479,5546,5514,5497,5523,5422,5455,5455,5396,5414,5384,5356,5371,5400,5357,5391,5357,5408,5391,5316,5310,5340,5352,5331,5288,5255,5275,5306,5372,5295,5291,5383,5331,5231,5204,5231,5227,5282,5266,5235,5184,5231,5157,5233,5244,5198,5119,5164,5096,5150,5147,5158,5170,5178,5189,5190,5182,5140,5134,5141,5060,5103,5154,5088,5126,5034,5098,5091,5101,5081,5126,5014,5033,5082,5024,5044,4974,4994,4989,5094,4956,4974,5006,5007,4985,5044,5081,5000,5035,4981,4951,4928,4923,5011,4955,4965,4951,4935,4910,4870,4868,4836,4889,4843,4900,4849,4867,4880,4894,4882,4846,4832,4771,4813,4839,4820,4818,4843,4782,4812,4762,4772,4719,4798,4808,4805,4753,4809,4741,4739,4719,4779,4753,4730,4683,4671,4691,4685,4667,4692,4745,4709,4665,4663,4660,4654,4698,4665,4687,4704,4681,4666,4663,4603,4635,4641,4647,4528,4615,4622,4647,4667,4573,4553,4558,4591,4610,4565,4606,4558,4581,4558,4591,4580,4519,4512,4564,4576,4590,4565,4586,4612,4561,4530,4558,4536,4508,4536,4452,4503,4544,4491,4503,4460,4507,4487,4489,4453,4456,4461,4407,4470,4475,4478,4467,4473,4429,4435,4427,4450,4487,4476,4466,4456,4432,4410,4457,4397,4418,4391,4344,4340,4394,4430,4357,4346,4360,4370,4402,4335,4354,4335,4336,4354,4315,4345,4299,4330,4299,4323,4354,4308,4283,4327,4308,4310,4325,4277,4258,4314,4292,4250,4274,4269,4218,4291,4249,4237,4221,4226,4207,4187,4229,4212,4181,4233,4241,4197,4203,4199,4245,4187,4226,4221,4198,4215,4153,4211,4174,4160,4108,4151,4226,4154,4183,4129,4114,4201,4147,4221,4123,4145,4063,4133,4103,4116,4125,4112,4138,4131,4135,4086,4125,4147,4086,4059,4089,4057,4111,4074,4079,4043,4084,4112,4059,4089,4080,4083,4056,4003,4076,4045,4046,4032,4047,4069,4027,4064,4042,4049,4090,4085,4041,4064,4046,4049,4022,4078,4035,4000,4045,4042,4066,3996,4013,4030,4013,3968,3924,4024,3995,4050,3958,3991,4011,3985,3964,3945,3976,3987,4009,3975,3925,3976,3990,3995,3989,4004,3985,3920,3949,3921,3965,3904,3895,3963,3906,3941,3890,3904,3891,3924,3893,3881,3877,3841,3877,3854,3843,3833,3885,3840,3858,3913,3829,3841,3845,3893,3832,3835,3873,3861,3867,3830,3818,3827,3801,3807,3853,3846,3775,3803,3833,3824,3759,3795,3770,3763,3755,3766,3726,3731,3747,3745,3771,3781,3769,3766,3767,3724,3716,3734,3755,3764,3722,3724,3764,3708,3730,3761,3738,3694,3740,3708,3681,3672,3678,3706,3631,3679,3674,3641,3704,3647,3709,3641,3657,3665,3746,3706,3696,3682,3646,3670,3653,3654,3676,3609,3656,3695,3641,3687,3644,3675,3640,3663,3680,3646,3708,3670,3655,3590,3613,3642,3643,3623,3647,3648,3618,3581,3579,3574,3625,3582,3650,3611,3591,3597,3596,3553,3610,3591,3625,3578,3598,3614,3592,3593,3612,3626,3580,3592,3581,3581,3568,3618,3572,3531,3518,3544,3521,3539,3579,3479,3517,3538,3530,3518,3469,3515,3541,3540,3508,3502,3492,3487,3506,3504,3559,3503,3509,3527,3530,3454,3526,3476,3465,3465,3488,3469,3467,3469,3440,3476,3434,3472,3459,3468,3475,3420,3445,3449,3424,3437,3369,3424,3358,3418,3375,3434,3399,3393,3399,3378,3370,3371,3342,3401,3385,3390,3366,3367,3396,3363,3373,3339,3390,3385,3373,3359,3381,3380,3325,3359,3355,3282,3331,3294,3304,3305,3266,3308,3332,3312,3311,3334,3341,3322,3310,3243,3268,3268,3254,3265,3291,3289,3299,3275,3273,3313,3324,3330,3306,3336,3338,3274,3295,3331,3301,3294,3299,3301,3282,3333,3269,3316,3283,3269,3243,3267,3242,3236,3268,3227,3274,3216,3222,3252,3231,3223,3233,3268,3238,3252,3218,3230,3240,3271,3242,3259,3261,3270,3245,3242,3190,3233,3273,3195,3258,3255,3208,3192,3210,3193,3257,3259,3188,3198,3194,3176,3218,3228,3187,3131,3214,3159,3202,3157,3179,3189,3171,3120,3143,3117,3144,3175,3136,3161,3134,3155,3119,3093,3142,3147,3114,3130,3145,3115,3119,3140,3122,3095,3102,3114,3076,3123,3140,3075,3133,3154,3071,3116,3042,3022,3073,3058,3055,3053,3075,3029,3064,3063,3022,3035,3075,3046,3021,2962,3014,3015,2994,3020,3005,3019,3060,3035,3069,3052,3012,3023,3068,3032,3021,3021,3003,3029,3007,3006,3045,3007,3006,3020,3035,2990,2998,3009,3023,3038,2999,3011,2960,2971,3017,2967,3006,2980,2994,2931,2935,2922,2927,2941,3020,2969,2963,2945,2938,2942,2918,2981,2971,2933,2974,2944,2926,2946,2974,2923,2942,2974,2950,2973,2912,2910,2971,2975,2933,2971,2969,2964,2955,2941,2978,2952,2954,2943,2956,2948,2928,2993,2988,2953,2922,2933,2923,2964,2906,2929,2932,2896,2891,2931,2907,2897,2924,2908,2905,2899,2868,2886,2904,2895,2870,2905,2902,2874,2910,2906,2889,2910,2897,2930,2880,2839,2880,2900,2910,2932,2856,2893,2893,2852,2900,2895,2892,2859,2899,2886,2884,2869,2877,2847,2873,2853,2839,2844,2837,2852,2856,2845,2872,2808,2828,2812,2827,2823,2826,2832,2805,2826,2803,2833,2788,2791,2811,2838,2799,2772,2813
35609,35084,34480,33930,33299,32942,32728,32292,31844,31856,31549,31298,30761,30362,29876,29747,29262,29095,28644,28775,28426,28247,28342,27939,27792,27787,27514,27771,27451,27117,26966,27145,26785,26850,26654,26544,26252,26138,26186,25982,26009,26080,25828,25695,25755,25691,25589,25622,25647,25555,25680,25607,25822,25605,25629,25434,25318,25356,24998,25289,25115,25093,25184,25079,24934,25099,24912,24839,24882,24988,24696,24679,24486,24541,24431,24486,24465,24347,24494,24198,24301,24272,24112,24095,24085,24098,24036,24063,24089,23975,23864,23970,23891,23796,23801,23932,24013,23919,23855,23924,23968,23825,23977,23771,23777,23790,23693,23889,23888,23925,23840,23886,24013,23873,23833,23897,23937,23943,23981,23877,23898,23801,24026,23910,23820,23763,23653,23605,23633,23572,23671,23613,23453,23771,23619,23595,23502,23335,23392,23462,23263,23281,23452,23355,23419,23307,23338,23356,23185,23367,23326,23249,23419,23378,23427,23312,23464,23464,23615,23622,23427,23632,23625,23461,23440,23520,23324,23667,23563,23532,23453,23717,23614,23514,23503,23532,23533,23701,23569,23448,23683,23614,23700,23664,23708,23325,23633,23582,23563,23475,23523,23638,23650,23559,23574,23465,23418,23555,23465,23516,23595,23529,23397,23515,23416,23549,23530,23451,23442,23390,23585,23521,23338,23491,23339,23556,23531,23549,23458,23638,23503,23609,23571,23590,23607,23529,23490,23633,23547,23529,23665,23633,23443,23649,23648,23567,23459,23549,23523,23599,23515,23501,23431,23495,23570,23352,23567,23205,23460,23479,23507,23298,23357,23464,23358,23363,23306,23307,23219,23413,23317,23348,23437,23152,23167,23074,23181,23075,23095,23018,22980,23186,22904,22988,22843,22750,22793,22947,22686,22765,22709,22554,22552,22614,22766,22628,22589,22634,22562,22581,22505,22553,22509,22539,22495,22536,22423,22456,22295,22549,22448,22434,22437,22367,22290,22366,22356,22329,22416,22432,22104,22343,22280,22114,22294,22098,22193,22151,22250,22144,22199,22162,22289,22179,22043,22153,22004,22073,22160,22134,22124,21924,21896,21891,21881,22059,21765,21875,21915,21933,22049,21808,21948,22012,21804,21842,21937,21883,21806,21961,21867,21949,21883,21879,21804,21903,21869,21767,22046,21829,21827,22106,21862,21799,21887,22089,21895,21758,21650,21764,21793,21864,21791,21936,21842,21778,21696,21832,21759,21592,21684,21664,21808,21411,21569,21492,21591,21642,21634,21692,21707,21686,21608,21456,21561,21744,21408,21547,21585,21437,21440,21464,21487,21569,21581,21321,21346,21513,21501,21379,21536,21398,21226,21347,21387,21330,21418,21397,21389,21188,21374,21228,21302,21271,21439,21465,21256,21507,21408,21304,21193,21419,21313,21361,21379,21352,21258,21220,21329,21224,21304,21380,21279,21268,21270,21366,21254,21183,21259,21325,21276,21470,21262,21368,21284,21318,21249,21292,21151,21205,21227,21185,21265,21235,21115,21372,21203,21349,21357,21307,21255,21266,21085,21063,21073,21030,21172,21090,21178,21045,21115,21141,21081,21189,21020,21028,21107,20922,21217,21017,21098,21020,20810,20877,20740,20928,20773,20969,21000,20840,20983,20884,20896,20648,20728,20721,20643,20755,20705,20588,20691,20702,20646,20736,20746,20770,20871,20602,20782,20787,20739,20801,20567,20753,20602,20764,20782,20729,20783,20677,20812,20625,20698,20816,20642,20740,20655,20723,20671,20752,20610,20783,20733,20782,20546,20603,20710,20718,20732,20709,20595,20841,20587,20664,20761,20664,20736,20695,20847,20692,20566,20674,20500,20684,20738,20707,20630,20634,20603,20603,20596,20570,20570,20590,20608,20358,20534,20498,20496,20571,20440,20611,20538,20597,20532,20509,20426,20455,20353,20635,20514,20324,20368,20335,20559,20374,20281,20518,20322,20235,20328,20227,20192,20274,20244,20151,20240,20238,20253,20294,20397,20317,20429,20276,20324,20348,20276,20216,20199,20293,20411,20321,20317,20150,20321,20197,20475,20303,20064,20363,20261,20331,20172,20314,20214,20064,20100,20212,20091,20108,20155,20106,20018,19913,19974,20082,19969,20114,20029,19899,20010,20134,20006,20107,20051,20102,19932,20041,20084,20048,20083,20111,20199,19974,20056,19739,19756,19881,19990,20019,19834,19734,19783,19752,19943,19710,19776,19668,19699,19778,19643,19614,19672,19614,19592,19690,19593,19517,19467,19437,19358,19363,19385,19518,19533,19396,19476,19282,19391,19257,19270,19264,19228,19268,19207,19304,19314,19216,19168,19143,19189,19244,19103,19203,19089,19224,19094,19194,19177,19314,19337,19205,19426,19572,19499,19593,19467,19427,19644,19495,19302,19371,19287,19132,19239,19051,19186,19031,18985,18945,18924,18948,18867,19003,19100,19132,19050,19214,19076,18987,19089,19086,19221,19179,19001,19001,19132,19084,18989,19097,18841,19032,18791,18821,18965,18866,18886,18964,18857,18875,18735,18884,18911,18923,18810,18729,18876,18707,18747,18659,18633,18698,18676,18686,18735,18699,18704,18715,18608,18681,18512,18604,18659,18570,18445,18583,18571,18498,18540,18582,18486,18470,18588,18468,18454,18384,18415,18551,18460,18475,18381,18391,18363,18426,18329,18379,18444,18389,18233,18394,18291,18472,18284,18370,18273,18143,18147,18287,18223,18123,18230,18117,18258,18204,18240,18388,18173,18142,18117,18194,18225,18191,18098,18195,18127,18240,18186,18194,18107,18179,18110,18139,18149,18059,17959,18075,17976,17844,17920,17864,17807,17781,17725,17727,17631,17791,17683,17782,17700,17727,17673,17773,17574,17704,17668,17739,17804,17605,17797,17665,17589,17650,17723,17556,17590,17746,17675,17612,17609,17449,17471,17466,17507,17558,17543,17476,17624,17459,17434,17519,17479,17354,17458,17454,17275,17321,17275,17438,17379,17426,17360,17304,17362,17419,17472,17329,17444,17439,17416,17604,17436,17494,17507,17444,17467,17391,17436,17705,17459,17582,17531,17495,17649,17442,17491,17451,17466,17446,17429,17334,17401,17382,17541,17375,17580,17528,17576,17533,17466,17521,17472,17555,17503,17443,17483,17611,17700,17509,17728,17600,17589,17637,17764,17636,17543,17754,17538,17641,17699,17611,17564,17473,17758,17488,17623,17636,17559,17571,17604,17573,17538,17638,17479,17583,17509,17476,17473,17594,17631,17533,17389,17597,17496,17529,17353,17484,17435,17537,17471,17313,17283,17390,17456,17235,17366,17375,17311,17368,17393,17425,17267,17270,17306,17210,17254,17405,17291,17412,17252,17351,17339,17374,17308,17308,17312,17234,17114,17107,17128,17103,17071,17169,17084,16963,17008,17053,16993,16952,17064,16996,16988,16930,17025,17097,17004,17009,16925,16916,17043,17034,16923,16941,16925,16882,16746,16881,16925,16928,16902,16872,16806,16867,16845,16837,16778,16808,16697,16747,16780,16630,16641,16667,16652,16621,16520,16496,16417,16529,16432,16113,16215,16273,16229,16213,16106,16196,16035,16159,15975,16055,16070,16076,16007,15976,16042,15843,15938,15955,15992,15889,15965,16053,15964,15948,15854,15930,15798,15897,15927,15886,15866,15763,15722,15842,15706,15653,15850,15738,15620,15847,15643,15755,15710,15735,15676,15750,15762,15682,15777,15780,15660,15681,15868,15802,15766,15655,15647,15685,15655,15680,15567,15676,15664,15582,15681,15604,15616,15556,15682,15675,15673,15740,15572,15756,15667,15833,15686,15712,15730,15800,15830,15926,15799,15864,15998,15854,15867,15962,15854,15918,15909,15852,15839,15940,15954,15880,15903,15923,15915,15868,15856,15846,15789,15825,15625,15609,15723,15696,15651,15755,15625,15587,15578,15582,15456,15456,15387,15302,15249,15399,15031,15324,15089,15072,14948,15130,14887,14896,14954,14938,14788,14883,14820,14703,14796,14809,14761,14688,14754,14858,14720,14680,14754,14606,14712,14653,14565,14578,14607,14632,14635,14590,14525,14404,14501,14410,14552,14425,14505,14533,14546,14567,14427,14473,14455,14519,14458,14560,14457,14605,14524,14567,14414,14460,14442,14473,14412,14284,14213,14243,14151,14303,14288,14367,14236,14337,14226,14341,14266,14168,14252,14275,14228,14251,14231,14291,14280,14187,14275,14306,14418,14393,14325,14295,14231,14239,14189,14293,14278,14174,14050,14119,14213,14182,14002,14171,14089,14061,14041,13953,14118,14060,14293,14087,14043,14034,14102,14056,13921,14101,14037,14091,13915,14023,14094,14034,14054,14057,13970,14047,13955,14087,13896,13987,13915,13804,13866,13833,13787,13855,13838,13878,13848,13950,13867,13927,13923,13871,13862,13764,13943,13971,13970,13959,13974,13961,13831,13801,13914,13726,13822,13717,13664,13689,13723,13694,13674,13618,13634,13751,13606,13571,13601,13663,13669,13566,13533,13627,13611,13611,13693,13552,13663,13673,13716,13633,13757,13600,13666,13677,13620,13516,13646,13509,13658,13613,13647,13797,13779,13588,13645,13676,13711,13775,13770,13665,13755,13712,13729,13687,13693,13715,13741,13616,13560,13430,13654,13410,13495,13457,13245,13351,13371,13498,13235,13290,13061,13075,13197,13116,13187,13084,13194,13122,13150,13073,13131,13005,13044,12962,13045,13105,13001,13021,12939,12846,12966,12900,12842,12794,12809,12688,12810,12636,12804,12540,12658,12669,12563,12560,12501,12444,12440,12438,12552,12255,12403,12385,12358,12380,12400,12386,12448,12434,12350,12486,12272,12390,12266,12355,12311,12340,12224,12299,12217,12148,12226,12131,12158,12090,11980,12060,12079,12070,12020,12049,11878,11885,11920,11956,11961,11908,11894,11993,11893,12039,11955,11841,11947,11955,12026,11830,11883,11837,11799,11916,11737,11812,11787,11732,11732,11606,11653,11613,11677,11703,11694,11610,11531,11510,11572,11483,11531,11490,11462,11540,11495,11570,11548,11510,11379,11565,11605,11541,11514,11506,11484,11542,11510,11562,11559,11428,11474,11420,11402,11391,11384,11325,11398,11257,11240,11302,11282,11242,11255,11293,11181,11219,11276,11262,11286,11328,11315,11202,11301,11335,11198,11277,11319,11247,11300,11241,11257,11188,11278,11301,11271,11208,11264,11138,11131,11259,11055,11143,11166,11037,11099,11157,11137,11039,11089,11139,11162,11106,11061,11050,11088,11036,11026,11110,11055,11090,11187,11153,11066,11115,11107,11012,11146,11129,11117,11064,11097,10949,11054,10968,10831,10873,10914,10886,10843,10852,10914,10853,10858,10761,10833,10801,10753,10719,10816,10711,10619,10764,10756,10691,10779,10718,10747,10647,10713,10777,10733,10702,10844,10743,10596,10786,10610,10715,10648,10757,10563,10557,10658,10478,10606,10476,10490,10446,10532,10472,10321,10342,10324,10336,10496,10339,10397,10422,10315,10360,10349,10275,10317,10326,10300,10362,10251,10290,10332,10312,10353,10347,10340,10337,10212,10272,10376,10287,10194,10210,10177,10190,10127,10164,10199,10212,10060,10140,10064,10032,10062,10162,10006,9993,9995,10043,10049,10043,9991,9996,9929,10018,9949,9936,10001,10088,10054,10030,10020,10130,10081,10060,10042,10071,10028,10016,10061,10129,10014,10035,9897,10077,10054,9988,9977,9912,9877,9906,10004,9937,9852,9752,9799,9746,9819,9818,9843,9697,9767,9874,9714,9938,9853,9807,9813,9779,9805,9817,9846,9775,9793,9767,9898,9782,9845,9810,9778,9804,9762,9745,9777,9851,9761,9716,9678,9745,9819,9690,9637,9579,9600,9567,9606,9647,9563,9550,9538,9551,9550,9356,9505,9457,9362,9395,9419,9332,9348,9392,9375,9395,9399,9423,9361,9284,9335,9341,9364,9368,9389,9370,9447,9276,9285,9382,9251,9366,9240,9193,9276,9184,9200,9205,9064,9143,9006,9064,9016,9041,8987,8913,8971,9081,9007,8900,8878,8882,8868,8851,8854,8937,8886,8990,8954,8984,8991,9032,8862,9040,8967,8976,8926,8890,8888,9014,8886,8913,8932,8917,8860,8941,8924,8840,8840,8819,8911,8816,8765,8914,8830,8815,8740,8711,8720,8735,8667,8777,8705,8614,8604,8594,8649,8549,8579,8605,8555,8471,8595,8631,8590,8564,8541,8531,8519,8548,8559,8566,8555,8554,8513,8604,8588,8621,8607,8615,8630,8694,8669,8625,8626,8707,8576,8550,8659,8632,8493,8503,8560,8561,8587,8510,8576,8565,8519,8550,8471,8405,8435,8369,8333,8462,8394,8374,8292,8297,8295,8423,8278,8375,8372,8271,8294,8321,8347,8258,8168,8314,8232,8369,8352,8356,8261,8244,8288,8243,8354,8250,8276,8271,8283,8288,8394,8346,8282,8348,8297,8228,8265,8194,8288,8276,8239,8226,8136,8231,8212,8171,8145,8123,8093,8103,7941,7994,8013,7988,7977,7967,7965,7915,7879,7904,7885,7922,7846,7741,7776,7922,7867,7767
12076,12045,12168,12106,12058,12025,12050,11985,12154,12013,12100,11970,12047,12020,11979,12082,12027,11985,12105,12103,12007,11987,12088,11951,11962,11987,11914,11872,11959,11920,11895,11871,11893,11931,11838,11802,11819,11786,11817,11711,11765,11806,11872,11759,11655,11829,11917,11842,11860,11768,11899,11838,11813,11760,11818,11861,11815,11833,11816,11846,11775,11760,11816,11768,11972,11944,11774,11794,11839,11918,11764,11753,11755,11729,11779,11774,11789,11732,11637,11607,11620,11645,11623,11696,11608,11641,11667,11636,11522,11631,11635,11491,11674,11634,11625,11585,11473,11582,11471,11553,11468,11600,11532,11525,11600,11526,11582,11521,11610,11537,11563,11518,11543,11547,11572,11550,11523,11571,11513,11518,11511,11463,11404,11428,11386,11375,11371,11325,11348,11441,11311,11393,11364,11305,11286,11257,11257,11312,11209,11253,11252,11171,11186,11141,11271,11153,11242,11119,11119,11208,11210,11189,11168,11139,11180,11141,11086,11101,11145,11150,11111,11261,11184,11145,11151,11226,11143,11194,11142,11079,11087,11168,11262,11097,11065,11042,11065,11057,11010,11126,10991,11034,10930,11019,11010,11015,11016,10978,10960,10969,11003,11009,11037,10917,10931,11069,10906,10846,10935,10861,10840,10933,10847,10856,10866,10780,10868,10784,10964,10803,10820,10825,10911,10841,10710,10777,10837,10852,10795,10834,10742,10764,10789,10787,10725,10735,10830,10829,10822,10784,10723,10801,10717,10739,10594,10740,10708,10768,10610,10720,10659,10707,10627,10751,10745,10594,10654,10632,10588,10578,10644,10516,10562,10576,10476,10481,10449,10508,10455,10589,10529,10489,10532,10523,10556,10482,10546,10428,10416,10484,10427,10333,10308,10412,10368,10373,10357,10437,10315,10348,10274,10264,10339,10190,10353,10389,10292,10299,10323,10264,10173,10377,10238,10324,10219,10200,10292,10122,10261,10302,10069,10214,10224,10174,10199,10206,10134,10214,10136,10150,10072,10175,10070,10130,9976,10032,10046,10116,10171,10040,10040,10122,10040,10009,10019,10015,10015,9898,9911,9944,9953,9976,9964,9953,9832,9936,9876,9755,9968,9832,9780,9796,9675,9862,9893,9772,9762,9834,9780,9909,9786,9680,9744,9772,9778,9780,9867,9667,9726,9714,9726,9732,9620,9694,9681,9676,9679,9741,9775,9737,9597,9701,9690,9611,9679,9601,9742,9642,9618,9664,9644,9615,9624,9578,9650,9717,9617,9574,9588,9628,9538,9626,9452,9623,9532,9527,9559,9641,9545,9557,9611,9392,9404,9464,9565,9444,9458,9510,9623,9505,9596,9541,9561,9534,9614,9733,9529,9645,9603,9611,9603,9706,9641,9675,9619,9710,9617,9683,9607,9642,9679,9668,9730,9678,9629,9694,9616,9723,9728,9758,9764,9825,9695,9661,9729,9763,9723,9795,9700,9720,9793,9721,9714,9770,9682,9694,9649,9714,9667,9738,9632,9699,9548,9569,9605,9579,9614,9580,9569,9698,9619,9669,9621,9561,9588,9668,9566,9556,9559,9652,9682,9585,9612,9694,9564,9639,9627,9725,9691,9659,9698,9700,9798,9623,9670,9641,9611,9584,9518,9649,9634,9576,9625,9571,9511,9495,9479,9423,9434,9384,9530,9360,9310,9304,9251,9249,9228,9207,9140,9276,9155,9156,9169,9155,9109,9086,9114,9091,9048,8994,8927,8995,9029,8903,8951,9032,9010,8963,8840,8890,8791,8798,8780,8793,8898,8781,8812,8740,8698,8807,8677,8588,8655,8594,8580,8648,8652,8515,8587,8577,8440,8455,8534,8392,8512,8379,8454,8484,8413,8361,8376,8345,8382,8360,8489,8347,8308,8418,8280,8270,8253,8217,8205,8240,8266,8240,8262,8190,8269,8232,8264,8161,8234,8150,8215,8223,8197,8109,8231,8213,8251,8225,8205,8165,8157,8099,8269,8140,8179,8204,8135,8155,8224,8168,8124,8115,8212,8125,8106,8149,8146,8177,8052,8134,8066,8071,8000,8049,8085,8056,8000,8037,7956,7952,7978,7995,7993,7989,7947,7841,7990,7886,7978,7959,7972,7924,7914,7876,7934,7861,7858,7870,7813,7741,7850,7809,7909,7919,7814,7815,7778,7868,7828,7822,7802,7779,7776,7867,7827,7736,7726,7696,7761,7671,7779,7787,7748,7766,7705,7687,7663,7679,7668,7691,7706,7630,7725,7661,7618,7672,7643,7609,7582,7598,7614,7533,7594,7629,7637,7631,7642,7627,7567,7576,7567,7553,7585,7628,7572,7567,7583,7543,7597,7592,7511,7608,7519,7589,7551,7529,7571,7533,7493,7593,7612,7541,7515,7487,7552,7474,7459,7537,7506,7548,7621,7503,7517,7515,7535,7492,7453,7467,7509,7497,7493,7461,7466,7436,7468,7498,7531,7443,7493,7421,7445,7443,7420,7411,7454,7377,7446,7398,7268,7342,7374,7338,7395,7327,7378,7300,7381,7345,7387,7223,7325,7373,7288,7309,7296,7231,7322,7304,7301,7255,7287,7214,7286,7279,7243,7220,7214,7246,7236,7256,7151,7215,7132,7182,7157,7195,7178,7198,7129,7248,7211,7209,7234,7132,7214,7175,7169,7159,7116,7275,7098,7186,7196,7149,7094,7159,7081,7034,7174,7099,7117,7096,7083,7082,7050,7036,7090,7011,7005,7099,7068,7062,7045,7088,6997,6995,7030,7010,7017,7015,6945,7054,6909,6955,6975,6955,6955,6957,6914,6942,6924,6939,6899,6904,6883,6901,6904,6946,6843,6770,6896,6816,6868,6861,6824,6803,6808,6856,6849,6749,6781,6759,6773,6789,6744,6676,6699,6674,6732,6775,6761,6750,6733,6675,6643,6618,6662,6727,6670,6618,6651,6624,6617,6599,6587,6551,6619,6669,6604,6592,6594,6606,6576,6532,6528,6556,6576,6546,6565,6579,6624,6603,6567,6471,6506,6536,6428,6519,6505,6538,6473,6490,6451,6502,6519,6451,6393,6467,6479,6457,6433,6427,6419,6444,6419,6430,6448,6371,6367,6461,6397,6378,6465,6344,6420,6449,6395,6360,6378,6333,6344,6340,6347,6373,6290,6333,6311,6312,6349,6356,6369,6313,6293,6365,6269,6322,6267,6287,6288,6274,6316,6320,6244,6309,6220,6244,6239,6198,6187,6153,6136,6220,6217,6160,6191,6162,6192,6173,6124,6174,6177,6107,6123,6124,6158,6123,6155,6088,6089,6092,6100,6084,6099,5987,6074,6093,5969,6065,5985,5999,6059,6029,6018,6012,5945,5996,5999,5998,5959,5940,6013,5952,5908,5890,5881,5901,5939,5910,5920,5880,5897,5835,5851,5918,5854,5808,5798,5833,5813,5826,5902,5847,5888,5836,5785,5756,5721,5843,5775,5732,5723,5764,5715,5683,5746,5699,5709,5709,5636,5698,5661,5680,5692,5601,5684,5627,5640,5698,5677,5649,5553,5581,5697,5630,5583,5572,5563,5599,5521,5534,5551,5457,5544,5531,5541,5550,5523,5440,5507,5475,5501,5437,5498,5450,5385,5472,5403,5388,5460,5411,5403,5429,5403,5379,5336,5405,5389,5402,5341,5310,5328,5348,5238,5269,5328,5304,5293,5297,5278,5271,5254,5242,5266,5218,5289,5191,5204,5223,5260,5201,5178,5194,5191,5187,5209,5159,5160,5215,5123,5130,5127,5078,5125,5112,5068,5092,5121,5076,5078,5102,5080,5101,5016,5023,5070,5043,4998,5071,5104,5052,5029,5056,5041,5069,5035,4996,4994,4962,4970,5013,4957,4970,4930,4936,5041,4965,4906,4933,4929,4991,4951,4924,4929,4908,4945,4965,4975,4887,4963,4861,4885,4946,4850,4884,4881,4867,4829,4810,4812,4834,4831,4751,4823,4826,4777,4854,4761,4792,4754,4761,4736,4754,4716,4795,4737,4770,4731,4752,4713,4736,4717,4691,4752,4749,4725,4698,4669,4719,4636,4658,4614,4677,4592,4630,4617,4633,4553,4684,4633,4607,4579,4608,4627,4652,4601,4643,4539,4553,4566,4539,4561,4528,4525,4592,4516,4542,4536,4562,4531,4491,4510,4505,4515,4553,4498,4481,4459,4477,4493,4474,4498,4525,4491,4458,4497,4474,4464,4469,4431,4503,4485,4491,4476,4422,4456,4384,4447,4455,4453,4407,4381,4402,4378,4403,4401,4417,4315,4390,4454,4404,4398,4380,4413,4370,4361,4375,4298,4420,4300,4387,4340,4379,4313,4394,4298,4368,4281,4339,4331,4279,4324,4295,4234,4291,4278,4283,4283,4299,4315,4302,4250,4333,4252,4302,4271,4249,4246,4258,4267,4231,4220,4265,4225,4275,4214,4214,4180,4176,4221,4200,4159,4192,4142,4143,4144,4141,4162,4117,4146,4170,4175,4188,4177,4139,4174,4170,4184,4195,4083,4112,4115,4106,4111,4080,4108,4085,4106,4079,4079,4126,4079,4083,4079,4055,4054,4083,4081,4062,4086,4083,4031,4094,4040,4055,4041,4016,4066,4021,4080,4051,4025,4048,3996,4049,4053,3983,4026,4033,4022,4014,3998,3974,3964,3985,4005,3984,3993,4030,4030,3962,3982,3964,3964,3992,3972,3960,3966,3979,4004,3999,3998,4044,3947,3988,3986,3964,3993,3936,4035,3964,3913,3868,3966,3877,3939,3948,3899,3942,3846,3903,3874,3847,3914,3922,3868,3921,3927,3959,3909,3922,3951,3863,3911,3909,3936,3879,3877,3901,3897,3854,3878,3881,3931,3872,3855,3871,3845,3878,3862,3801,3776,3841,3849,3823,3803,3804,3818,3799,3766,3731,3772,3787,3806,3844,3861,3801,3759,3752,3798,3793,3805,3765,3778,3734,3744,3770,3735,3756,3718,3778,3699,3724,3722,3717,3658,3715,3713,3664,3671,3686,3640,3703,3682,3691,3686,3649,3707,3748,3675,3692,3693,3688,3700,3669,3672,3759,3659,3641,3636,3679,3643,3635,3627,3613,3579,3629,3566,3615,3607,3605,3653,3630,3605,3605,3603,3605,3572,3660,3633,3618,3644,3602,3620,3572,3606,3606,3668,3624,3617,3669,3634,3604,3617,3548,3533,3576,3572,3581,3559,3567,3563,3599,3543,3557,3584,3559,3553,3546,3577,3519,3582,3531,3507,3551,3559,3532,3497,3556,3528,3539,3556,3520,3576,3553,3505,3571,3491,3565,3514,3493,3531,3549,3513,3499,3471,3513,3497,3498,3460,3467,3478,3456,3453,3496,3456,3411,3445,3461,3389,3437,3464,3459,3447,3474,3443,3467,3420,3458,3475,3472,3473,3440,3399,3408,3464,3450,3468,3435,3439,3396,3467,3434,3404,3470,3425,3412,3383,3442,3373,3361,3394,3350,3343,3355,3382,3390,3324,3342,3301,3349,3339,3312,3333,3316,3288,3298,3322,3337,3316,3371,3326,3368,3362,3323,3358,3338,3337,3285,3339,3275,3301,3269,3344,3269,3263,3272,3256,3265,3274,3223,3279,3248,3235,3267,3239,3212,3244,3262,3242,3250,3216,3268,3237,3247,3251,3268,3246,3262,3255,3269,3239,3252,3287,3191,3278,3278,3242,3247,3250,3177,3227,3248,3258,3226,3247,3206,3214,3217,3196,3217,3238,3197,3217,3247,3131,3189,3168,3215,3214,3158,3184,3174,3200,3215,3165,3178,3188,3141,3187,3215,3254,3205,3199,3183,3147,3180,3203,3198,3154,3164,3186,3188,3140,3200,3139,3180,3123,3149,3139,3118,3138,3129,3118,3114,3135,3083,3118,3098,3083,3080,3131,3052,3078,3073,3061,3082,3131,3122,3112,3083,3091,3100,3052,3085,3051,3053,3073,3030,3066,3052,3054,3089,3024,3062,3068,3082,3012,3013,3061,2994,3082,3009,2994,3037,3004,2981,3024,2974,2993,3001,2993,3033,2974,2982,2969,2995,2960,2962,2979,3007,2958,2993,3001,3004,2957,3014,2978,2990,2954,2993,2994,2978,2995,2956,2957,2977,2997,2988,3004,2942,2995,2945,2961,2953,2989,2972,2952,2958,2952,2918,2881,2957,2928,2940,2947,2941,2907,2945,2923,2903,2921,2959,2910,2905,2903,2906,2900,2929,2880,2931,2898,2908,2896,2865,2927,2922,2906,2958,2913,2938,2906,2946,2935,2929,2948,2924,2884,2879,2912,2899,2922,2923,2932,2907,2923,2914,2922,2920,2865,2875,2920,2889,2873,2881,2855,2872,2898,2865,2857,2858,2878,2850,2855,2844,2881,2865,2821,2858,2849,2820,2835,2821,2859,2849,2826,2834,2853,2862,2848,2841,2828,2843,2844,2865,2825,2846,2839,2869,2873,2858,2821,2793,2855,2827,2824,2843,2817,2871,2851,2833,2846,2812,2835,2824,2820,2825,2776,2830,2788,2791,2766,2795,2799,2787,2759,2777,2756,2787,2770,2775,2722,2743,2760,2782,2736,2743
35869,35191,34826,33925,33458,33302,32724,32369,31979,31662,31375,31163,30715,30254,29755,29528,29186,29187,28787,28629,28402,28138,27972,27858,27618,27562,27629,27635,27380,27098,26871,26712,26583,26492,26328,26116,25900,25755,25815,25605,25687,25573,25527,25557,25251,25229,25296,25323,25381,25439,25490,25389,25360,25351,25201,24871,24960,24727,24594,24842,24823,24820,24900,24691,24659,24591,24473,24464,24477,24511,24379,24517,24267,23997,24200,24024,23797,23804,24100,23758,23844,23809,23752,23792,23680,23944,23619,23721,23715,23663,23712,23573,23422,23687,23541,23498,23663,23467,23505,23436,23394,23437,23488,23584,23363,23362,23417,23425,23532,23471,23731,23495,23580,23569,23663,23483,23550,23564,23591,23432,23379,23406,23460,23417,23583,23154,23396,23300,23319,23256,23240,23156,23181,23028,23020,23050,23097,22954,23143,23087,22862,22875,22843,22998,22818,22860,22858,22914,22858,22915,23019,22832,22972,23075,22966,22980,22933,23105,23024,22892,23132,22967,23071,23077,22938,23211,23162,23201,23031,22953,22984,23094,23106,23169,22899,23062,23099,23191,23133,23082,23112,23095,22964,23035,23052,23007,23255,23128,23092,23136,22956,23117,23078,22985,23022,23016,23126,23107,22859,22982,23007,23044,23040,22985,22888,22996,22920,23026,23093,23003,23163,23029,22772,22971,23030,22924,23069,23017,23009,22965,23138,23125,23065,23156,22902,22936,23157,23085,23055,23073,23069,23045,23195,23136,22948,23171,23098,23143,23145,23149,22974,22994,22897,22987,23005,22934,22942,22886,22679,23053,22985,23074,22773,22939,22872,22833,22892,22911,22922,22898,22975,22781,22741,22842,22623,22767,22566,22623,22620,22518,22432,22425,22364,22357,22262,22259,22136,22420,22350,22260,22044,22116,22121,22092,22187,22127,22078,22062,22058,22144,21993,22163,22031,22048,21984,22048,21929,21808,21998,22015,21905,21955,21763,21823,21981,21793,21689,21776,21828,21754,21886,21894,21724,21915,21711,21785,21586,21658,21649,21780,21790,21617,21739,21726,21472,21525,21684,21619,21572,21616,21725,21554,21488,21408,21427,21568,21410,21367,21560,21589,21431,21383,21525,21502,21321,21361,21489,21327,21418,21395,21248,21491,21331,21216,21403,21404,21465,21421,21392,21376,21503,21328,21339,21327,21291,21286,21172,21401,21403,21418,21396,21252,21258,21475,21209,21332,21382,21226,21203,21074,21242,21443,21176,21169,21144,21217,21264,21089,21106,21109,20981,21192,21138,21053,21014,20976,21050,21083,21073,21020,21024,20931,21045,20844,20904,20890,20783,20990,20977,20856,20803,20877,20857,21063,20748,20721,20776,20846,20918,20721,20771,20724,20801,20794,20808,20859,20866,20682,20787,20934,20995,20731,20769,20690,20734,20692,20566,20854,20644,20658,20757,20787,20788,20774,20895,20739,20666,20607,20870,20666,20773,20796,20534,20556,20656,20575,20624,20823,20800,20685,20684,20616,20824,20772,20697,20824,20761,20715,20726,20676,20701,20494,20489,20623,20523,20651,20585,20609,20655,20466,20501,20595,20409,20419,20588,20369,20491,20452,20400,20463,20377,20339,20354,20407,20264,20331,20317,20275,20300,20358,20353,20164,20249,20306,20148,20155,20213,20209,20128,20179,20087,20360,20255,20262,20171,20157,20178,20169,20182,20045,20114,20069,20160,20253,20137,20112,20185,20170,20016,20162,20154,20199,20195,20204,20143,20112,20038,20255,19993,20030,19983,20138,19994,20114,20049,20033,20162,20188,19998,20186,20074,20022,20100,20126,20115,20131,20047,20094,20098,20160,20198,20095,20018,20048,19936,20066,19921,19999,20135,20034,19766,19947,19954,20011,19926,19895,19925,19957,19837,19987,20069,19725,19994,19850,20029,19927,19919,19973,19983,19794,19833,19835,19864,19806,19787,19893,19665,19785,19735,19584,19717,19624,19438,19517,19595,19573,19671,19658,19620,19687,19615,19763,19674,19666,19705,19733,19581,19631,19643,19604,19504,19598,19476,19569,19832,19598,19639,19649,19666,19638,19446,19484,19650,19555,19492,19420,19621,19421,19508,19450,19511,19428,19338,19527,19202,19481,19300,19286,19302,19335,19362,19359,19325,19433,19424,19428,19458,19517,19455,19507,19399,19358,19452,19234,19424,19382,19361,19181,19292,19207,19109,19164,19079,19099,19137,19080,19085,19049,18940,19008,18957,18994,18895,18985,18881,18941,18784,18831,18837,18771,18824,18906,18682,18657,18736,18790,18708,18740,18746,18617,18669,18664,18678,18803,18617,18642,18643,18696,18548,18597,18578,18515,18537,18479,18610,18512,18363,18529,18529,18665,18663,18675,18749,18865,18947,18837,18965,18839,18855,18727,18784,18658,18640,18552,18459,18454,18391,18423,18229,18282,18443,18296,18408,18441,18403,18435,18407,18484,18412,18361,18565,18332,18428,18529,18460,18424,18433,18312,18514,18308,18346,18368,18328,18261,18254,18217,18267,18207,18198,18275,18234,18092,18146,18162,18021,18212,18116,17990,18029,18115,17984,17939,18058,18022,17994,17982,17980,17945,17972,17811,17985,17997,17967,17808,17913,17850,17974,17717,17898,17865,17874,17869,17791,17834,17771,17712,17851,17766,17884,17825,17779,17603,17819,17793,17685,17763,17760,17828,17636,17670,17590,17698,17705,17722,17629,17710,17632,17559,17522,17589,17573,17571,17472,17515,17556,17627,17617,17490,17572,17641,17580,17539,17493,17713,17568,17523,17656,17620,17545,17525,17624,17494,17524,17392,17535,17249,17226,17363,17169,17113,17222,17330,17084,17051,17239,17171,17215,17098,17111,17100,17034,17181,17106,17141,16975,17021,17155,17051,16962,17028,17147,16983,16931,16944,16909,16874,16830,16889,16896,16955,16940,16917,16906,16882,16872,16936,16870,16861,16688,16818,16823,16723,16679,16694,16670,16837,16774,16686,16777,16652,16710,16603,16841,16691,16826,16634,16801,16827,16838,16794,16779,16807,16870,16836,16815,16733,16892,16834,16800,16880,16852,17002,16843,16762,16949,16832,16811,16842,16813,16793,16906,16775,16876,16942,16886,16847,16844,16769,16756,16802,16774,16849,16862,16880,16919,16823,16869,16945,16885,16921,16952,16939,16929,17090,16973,16884,17119,16976,17035,16930,16765,16953,16931,16919,16991,16972,16923,16814,16916,16819,17026,16908,16801,16813,16731,16725,16818,16930,16987,16909,16812,16787,16784,16767,16713,16751,16722,16689,16685,16660,16611,16644,16724,16616,16578,16480,16743,16652,16739,16558,16586,16702,16607,16660,16605,16556,16522,16614,16506,16504,16602,16445,16517,16566,16504,16547,16430,16563,16345,16395,16518,16463,16450,16372,16362,16351,16340,16530,16387,16420,16413,16401,16317,16337,16132,16181,16313,16391,16181,16248,16118,16335,16318,16192,16150,16167,16326,16259,16200,16097,16098,16114,16094,16110,16080,16164,16114,16050,15968,16001,16070,15867,15951,15920,15885,15850,15851,15853,15671,15643,15740,15662,15653,15578,15606,15555,15523,15539,15428,15459,15494,15373,15485,15492,15524,15282,15264,15422,15350,15228,15318,15379,15384,15384,15319,15387,15190,15274,15346,15309,15209,15196,15123,15193,15233,15111,15321,15068,15190,15217,15094,15114,15107,15030,14939,15036,15146,15017,15128,15092,15116,15139,15051,15094,15026,15186,14942,14973,15044,14984,14980,14965,15096,14901,15075,14983,14887,15080,14972,15140,15122,15070,14959,14989,14974,15142,15058,15068,15090,15080,15196,15262,15182,15252,15316,15279,15217,15346,15474,15182,15392,15174,15198,15268,15241,15146,15126,15185,15152,15199,15211,15086,15002,15116,15019,15000,15114,14988,15053,15045,14971,14960,14799,14900,14854,14668,14668,14671,14546,14571,14480,14519,14539,14492,14314,14471,14372,14370,14335,14365,14117,14209,14283,14197,14208,14290,14230,14159,14026,14104,14231,14174,14114,14094,14070,14072,14064,14140,14097,13989,13986,14015,13967,13922,13955,13947,13888,13869,13899,13914,13967,13941,13911,13833,13850,13866,14006,13931,13907,13925,13790,13853,13833,13793,13736,13751,13760,13745,13686,13680,13626,13680,13709,13711,13653,13810,13651,13704,13688,13685,13781,13759,13732,13655,13718,13706,13772,13637,13763,13643,13756,13710,13794,13803,13745,13759,13626,13618,13660,13606,13628,13646,13606,13481,13505,13536,13410,13444,13531,13461,13617,13475,13473,13539,13602,13487,13446,13514,13510,13494,13524,13590,13536,13499,13540,13438,13366,13432,13363,13331,13384,13320,13409,13355,13276,13365,13228,13300,13321,13230,13294,13310,13269,13377,13286,13253,13280,13299,13473,13318,13314,13296,13333,13395,13314,13269,13279,13398,13182,13193,13103,13233,13092,13262,13132,13170,13128,13106,13123,13005,12994,13065,13081,13036,13091,13068,13095,13170,12994,13102,13087,13983,13220,13041,13172,13097,13088,13075,13017,13159,13064,12985,13115,12952,13130,13121,13067,13076,13208,13025,13133,13162,13214,13194,13248,13094,13106,13232,13246,13011,13201,13136,13068,13050,13063,13163,12979,13005,12905,12903,12748,12874,12814,12819,12793,12728,12730,12632,12720,12697,12640,12569,12627,12592,12541,12532,12524,12435,12504,12359,12404,12353,12481,12318,12462,12397,12295,12493,12321,12292,12367,12378,12238,12215,12153,12077,12125,11969,11983,11946,12018,12006,11977,11931,11904,12019,11932,11882,11918,12000,11893,12064,11899,11970,11929,11846,11763,11903,11911,11825,11999,12939,11715,11731,11750,11859,11777,11780,11649,11702,11577,11587,11512,11591,11457,11409,11463,11546,11529,11440,11480,11410,11471,11551,11467,11526,11603,11581,11452,11464,11411,11428,11429,11387,11313,11231,11364,11371,11277,11388,11284,11271,11158,11341,11239,11136,11154,11149,11022,11108,11169,11116,11014,11011,11020,10972,11081,11045,11020,11155,11069,11146,11045,11138,11103,11129,11049,11101,11098,10967,11033,10999,11016,11023,10953,10981,10988,10969,10828,10964,10952,10859,10917,10819,10828,10764,10905,10843,10848,10800,10775,10841,10828,10777,10758,10812,10796,10876,10769,10846,10805,10847,10807,10857,10886,10914,10817,10759,10822,10720,10646,10711,10658,10820,10694,10763,10701,10665,10657,10543,10554,10493,10630,10571,10652,10775,10623,10688,10646,10658,10666,10615,10630,10604,10680,10787,10634,10533,10649,10730,10606,10517,10564,10636,10558,10468,10509,10467,10492,10408,10445,10365,10321,10398,10496,10288,10303,10348,10331,10325,10328,10291,10349,10375,10326,10333,10272,10377,10233,10319,10298,10274,10405,10344,10313,10387,10272,10260,10249,10257,10237,10158,10117,10203,10269,10161,10245,10159,10157,10147,10032,10010,10026,9916,9930,9975,9975,9906,9964,9928,9953,9854,9916,10037,9850,9924,9908,9873,9880,9918,9936,9963,9934,10012,9911,9971,9902,9975,9862,9843,9772,9779,9785,9838,9774,9787,9724,9702,9657,9679,9678,9637,9683,9554,9546,9536,9659,9532,9680,9557,9546,9619,9539,9580,9448,9607,9565,9616,9603,9632,9627,9578,9621,9701,9667,9680,9576,9682,9638,9675,9522,9542,9583,9576,9654,9552,9610,9571,9501,9535,9380,9504,9440,9433,9544,9470,9467,9478,9412,9356,9477,9416,9424,9379,9518,9329,9439,9402,9451,9484,9357,9423,9426,9422,9423,9436,9401,9475,9399,9406,9332,9454,9417,9394,9337,9298,9255,9346,9318,9315,9276,9233,9252,9288,9201,9295,9126,9165,9133,9050,9135,9093,9152,9099,8988,8984,8918,8985,8999,9020,9002,9044,8958,8943,9046,8937,8965,8899,9034,9040,9033,8953,8920,9003,8867,8986,9035,8850,8939,8956,8844,8866,8798,8689,8800,8739,8663,8680,8677,8663,8664,8571,8722,8627,8587,8647,8535,8580,8498,8499,8596,8546,8680,8562,8509,8584,8777,8636,8602,8528,8524,8552,8528,8661,8546,8537,8616,8584,8422,8603,8580,8440,8545,8509,8505,8410,8446,8499,8576,8501,8505,8435,8376,8442,8350,8399,8352,8384,8320,8345,8328,8279,8330,8273,8321,8235,8271,8274,8177,8236,8235,8229,8205,8297,8169,8108,8172,8160,8274,8251,8244,8276,8154,8190,8351,8332,8298,8104,8360,8298,8310,8300,8344,8198,8274,8313,8241,8342,8257,8256,8228,8251,8267,8201,8225,8116,8064,8078,8044,8065,8124,8062,8016,8005,8005,8049,7954,7970,7950,7995,7931,7936,7927,7968,8034,7977,8014,7983,7886,8006,7958,7983,7951,7983,7994,7994,7872,7981,7952,7940,7945,7966,7941,8015,7969,7950,7962,7868,7931,7932,7916,7934,7929,7876,7869,7871,7946,7903,7799,7864,7745,7757,7673,7809,7706,7616,7667,7694,7686,7678,7638,7675,7621,7556,7547,7522,7524,7463,7524,7542
12202,12082,12177,12047,12037,12044,12041,12058,12045,12220,12203,12151,12135,12131,12068,12149,12073,12061,12219,12056,12056,12075,12072,11974,12065,12021,11965,12017,11976,12018,11999,11914,11956,12007,11817,11791,11894,11871,11849,11935,11828,11922,11904,11856,11876,11935,12047,11985,11842,11912,11897,11850,11867,11873,11915,11902,11954,11872,11832,11817,11986,11936,11821,11961,11957,11931,11780,11912,11959,11833,11827,11788,11806,11837,11803,11801,11697,11695,11772,11825,11672,11710,11756,11745,11633,11724,11788,11732,11702,11683,11559,11586,11593,11686,11649,11619,11594,11664,11717,11600,11478,11667,11559,11661,11585,11559,11584,11535,11625,11573,11547,11450,11423,11541,11561,11510,11600,11577,11498,11496,11441,11500,11493,11395,11393,11440,11409,11442,11386,11344,11382,11283,11310,11198,11342,11301,11358,11336,11220,11174,11207,11255,11273,11333,11144,11250,11173,11271,11264,11130,11240,11242,11197,11213,11332,11116,11308,11195,11153,11292,11216,11115,11165,11260,11119,11120,11193,11236,11053,11160,11137,11228,11186,11160,11076,11160,11059,11130,11059,11065,11141,11168,11039,10988,10918,11183,10869,10988,10983,10986,11049,10979,11005,10951,10973,10924,10884,10979,10948,10946,10949,10867,10915,10809,10860,10891,10820,10815,10847,10856,10850,10890,10783,10866,10750,10838,10922,10858,10864,10888,10820,10782,10941,10771,10862,10794,10847,10747,10906,10697,10798,10821,10683,10746,10769,10705,10702,10778,10703,10762,10726,10783,10666,10687,10702,10745,10658,10614,10623,10693,10693,10663,10485,10608,10555,10526,10688,10508,10605,10511,10466,10552,10393,10535,10482,10472,10364,10466,10383,10354,10438,10393,10468,10415,10352,10389,10389,10393,10432,10369,10313,10373,10354,10380,10330,10336,10315,10277,10315,10312,10381,10232,10267,10266,10242,10239,10315,10296,10290,10255,10314,10228,10289,10137,10166,10189,10249,10141,10117,10229,10270,10259,10174,10119,10087,10088,10016,10117,10043,10098,10114,10033,10015,10012,10010,10033,9926,9965,9911,9820,9929,9988,9877,9979,9925,9895,9953,9881,9926,9729,9929,9856,9785,9775,9807,9821,9853,9708,9814,9852,9785,9811,9752,9742,9736,9812,9756,9696,9708,9688,9808,9752,9771,9767,9693,9754,9667,9757,9699,9682,9668,9680,9668,9640,9583,9704,9704,9635,9650,9602,9689,9636,9612,9559,9648,9561,9625,9602,9638,9585,9625,9596,9472,9520,9529,9690,9573,9525,9533,9482,9511,9495,9519,9607,9635,9558,9547,9571,9560,9526,9508,9575,9545,9454,9642,9551,9461,9602,9591,9679,9641,9493,9695,9637,9612,9563,9651,9708,9624,9628,9703,9633,9684,9657,9705,9587,9684,9652,9674,9669,9708,9719,9783,9737,9723,9684,9734,9668,9766,9735,9636,9675,9728,9693,9726,9676,9690,9564,9662,9616,9573,9635,9674,9637,9586,9612,9638,9602,9634,9541,9676,9673,9523,9618,9554,9611,9574,9580,9706,9587,9573,9661,9667,9652,9772,9706,9611,9593,9687,9709,9687,9671,9665,9733,9646,9727,9661,9660,9674,9571,9588,9628,9575,9564,9543,9491,9453,9475,9475,9422,9241,9293,9309,9217,9277,9244,9190,9154,9126,9107,9181,9199,9151,9050,9093,9059,9094,9077,9002,9003,8984,8960,8917,8903,8886,9053,9003,8912,8863,8903,8834,8882,8914,8765,8739,8759,8736,8800,8804,8681,8633,8642,8666,8545,8551,8600,8577,8507,8529,8550,8497,8477,8488,8475,8434,8413,8501,8518,8384,8336,8469,8402,8329,8366,8355,8361,8274,8340,8401,8322,8206,8218,8257,8192,8158,8207,8249,8237,8203,8145,8185,8152,8253,8201,8234,8170,8201,8123,8162,8096,8131,8078,8177,8110,8160,8228,8137,8139,8095,8110,8119,8204,8077,8094,8113,8104,8179,8127,8116,8040,8147,8079,7950,8096,8052,8043,8059,8030,8158,7984,8020,7981,8027,7983,7977,7941,8013,7927,7940,7969,7907,7923,7985,7933,7891,7930,7867,7973,7884,7895,7876,7904,7822,7908,7849,7881,7874,7900,7808,7697,7798,7843,7780,7783,7846,7858,7801,7681,7830,7707,7678,7722,7739,7751,7634,7748,7723,7734,7609,7630,7721,7710,7695,7723,7660,7708,7571,7688,7641,7677,7597,7614,7611,7606,7608,7660,7577,7561,7654,7578,7660,7576,7476,7612,7581,7640,7601,7607,7610,7597,7611,7470,7558,7583,7505,7520,7522,7550,7568,7564,7549,7493,7598,7507,7536,7531,7519,7540,7486,7479,7553,7499,7458,7493,7456,7540,7498,7474,7404,7495,7531,7487,7394,7493,7458,7437,7420,7418,7461,7429,7500,7431,7488,7440,7446,7420,7419,7458,7472,7396,7425,7467,7304,7279,7342,7443,7349,7281,7386,7267,7315,7322,7376,7290,7295,7272,7312,7261,7261,7314,7271,7264,7303,7225,7222,7296,7259,7270,7270,7272,7354,7242,7261,7260,7264,7159,7231,7198,7199,7179,7134,7111,7218,7203,7085,7186,7208,7091,7206,7116,7087,7047,7247,7180,7105,7108,7183,7137,7168,7104,7174,7076,7112,7114,7037,7098,7067,7036,7083,7142,7064,7083,7063,7101,6986,7052,7071,7064,7047,6965,6947,7039,6914,6902,7023,6943,7004,6902,6950,6962,6909,6936,6908,6917,6925,6915,6894,6993,6861,6881,6893,6840,6890,6858,6923,6859,6928,6815,6868,6829,6832,6806,6818,6776,6780,6776,6770,6807,6740,6776,6767,6759,6679,6753,6742,6748,6674,6741,6703,6752,6700,6715,6676,6625,6649,6639,6587,6710,6624,6608,6673,6552,6608,6582,6627,6616,6558,6621,6561,6599,6533,6534,6571,6457,6504,6511,6546,6500,6548,6506,6569,6529,6516,6456,6495,6427,6458,6500,6463,6465,6422,6426,6486,6463,6392,6466,6376,6438,6451,6428,6427,6464,6415,6383,6436,6490,6314,6462,6325,6342,6361,6372,6354,6341,6337,6452,6383,6383,6379,6247,6264,6369,6340,6309,6327,6274,6298,6289,6283,6319,6297,6352,6268,6227,6293,6224,6185,6255,6236,6183,6254,6134,6188,6229,6217,6196,6180,6280,6198,6162,6165,6124,6201,6156,6116,6208,6063,6124,6106,6061,6165,6062,6084,6078,6136,6116,6075,5992,5989,6076,6058,6103,6045,6069,6061,6089,5978,6028,5938,6042,6025,5956,6030,5940,5956,5889,5941,5933,5925,5920,5851,5863,5868,5934,5845,5905,5930,5907,5860,5826,5773,5771,5803,5802,5804,5770,5810,5856,5806,5702,5812,5795,5821,5865,5792,5730,5719,5736,5711,5676,5718,5674,5663,5721,5684,5592,5720,5656,5641,5602,5692,5593,5674,5663,5624,5618,5545,5541,5599,5578,5580,5591,5519,5520,5544,5526,5543,5527,5505,5473,5470,5429,5421,5554,5456,5397,5479,5414,5409,5431,5360,5406,5452,5437,5423,5393,5410,5390,5336,5328,5344,5296,5299,5265,5367,5327,5349,5262,5291,5295,5255,5260,5239,5249,5226,5220,5237,5211,5204,5239,5166,5231,5159,5182,5230,5226,5164,5202,5152,5179,5110,5074,5092,5109,5126,5083,5135,5078,5031,5063,5105,5022,5118,5098,5048,4986,5055,5112,5007,5026,5031,5018,5019,5048,5042,4963,5040,5037,5020,4979,5003,4916,4967,4953,4959,4950,5001,4928,4922,4934,4913,4923,4893,4968,4907,4907,4860,4884,4864,4873,4855,4903,4910,4967,4844,4837,4819,4812,4799,4901,4837,4767,4811,4773,4805,4819,4788,4765,4746,4794,4698,4775,4816,4787,4777,4744,4729,4696,4736,4630,4741,4676,4687,4756,4698,4680,4746,4667,4618,4698,4649,4644,4656,4657,4670,4618,4596,4610,4613,4578,4584,4645,4567,4592,4555,4574,4585,4595,4620,4578,4567,4558,4599,4569,4520,4505,4537,4474,4510,4533,4517,4552,4465,4461,4470,4537,4468,4448,4484,4474,4502,4484,4448,4440,4478,4502,4516,4472,4464,4474,4464,4437,4408,4469,4399,4425,4414,4377,4456,4395,4395,4412,4414,4431,4383,4381,4389,4434,4404,4358,4360,4384,4305,4352,4450,4338,4367,4377,4363,4399,4385,4380,4363,4301,4324,4350,4359,4327,4279,4331,4310,4296,4313,4297,4275,4206,4250,4226,4269,4229,4253,4222,4228,4254,4219,4264,4266,4283,4244,4244,4262,4243,4206,4189,4220,4192,4247,4206,4190,4199,4205,4161,4127,4194,4199,4175,4160,4146,4176,4154,4118,4131,4160,4098,4112,4099,4110,4074,4151,4125,4141,4110,4119,4125,4106,4078,4171,4064,4078,4050,4097,4053,4054,4060,4074,4014,4033,4066,4077,4063,4027,4004,4027,3995,4030,4069,4035,3976,4061,4001,4033,3979,4037,4036,4058,4030,4058,4014,3995,4017,3995,4037,3942,4001,3996,4004,3943,3964,3990,3974,3978,3931,3970,3991,3975,4014,3970,3940,3962,4028,3970,3982,3919,3968,3956,3979,3919,3979,3932,4002,3956,3980,3926,3934,3943,3910,3899,3917,3911,3925,3904,3880,3896,3941,3940,3904,3882,3874,3940,3877,3912,3855,3853,3906,3927,3911,3885,3892,3878,3867,3815,3883,3899,3873,3847,3872,3828,3825,3833,3838,3840,3801,3824,3802,3808,3833,3797,3747,3761,3780,3836,3784,3771,3775,3809,3788,3827,3781,3797,3812,3776,3765,3745,3772,3809,3753,3779,3738,3737,3707,3715,3723,3741,3710,3693,3719,3728,3675,3720,3703,3664,3649,3669,3626,3648,3688,3692,3692,3657,3640,3680,3706,3698,3693,3679,3693,3634,3661,3647,3661,3644,3660,3718,3680,3657,3651,3644,3643,3613,3646,3604,3624,3592,3638,3652,3609,3542,3583,3622,3620,3585,3609,3606,3618,3579,3587,3659,3576,3596,3631,3567,3554,3572,3566,3583,3625,3588,3626,3580,3545,3583,3585,3570,3582,3584,3550,3531,3539,3533,3513,3513,3506,3539,3526,3568,3519,3494,3546,3541,3535,3519,3517,3523,3520,3490,3565,3524,3514,3556,3558,3501,3523,3512,3524,3495,3514,3507,3482,3474,3432,3482,3452,3435,3462,3440,3426,3473,3438,3482,3456,3449,3428,3452,3431,3480,3432,3387,3489,3414,3480,3436,3426,3469,3393,3440,3435,3460,3413,3402,3380,3370,3373,3418,3420,3377,3371,3366,3411,3417,3399,3442,3313,3335,3317,3367,3338,3371,3328,3322,3327,3329,3334,3320,3332,3362,3339,3391,3334,3287,3316,3328,3362,3317,3327,3317,3318,3335,3307,3319,3295,3320,3244,3281,3292,3257,3277,3233,3288,3238,3244,3274,3272,3287,3255,3226,3251,3211,3216,3233,3264,3233,3257,3268,3218,3213,3239,3260,3265,3176,3262,3219,3204,3232,3258,3233,3224,3197,3279,3236,3250,3208,3216,3194,3181,3183,3207,3200,3219,3197,3189,3223,3234,3192,3214,3205,3189,3137,3194,3181,3193,3198,3142,3183,3164,3179,3138,3195,3209,3164,3179,3136,3169,3191,3138,3163,3189,3203,3164,3212,3161,3159,3155,3149,3175,3092,3162,3148,3136,3145,3153,3144,3113,3120,3118,3144,3116,3139,3071,3148,3152,3119,3067,3143,3088,3075,3036,3085,3089,3050,3048,3101,3041,3041,3041,3088,3076,3075,3053,3025,3039,3066,3059,3049,3040,3060,3025,3056,3074,3081,3028,3050,3046,3024,3016,3071,2991,3033,3022,2979,3005,2993,2969,2976,3000,2975,2991,3007,2977,2932,2929,2999,2985,2989,2950,2976,2992,2956,2968,2963,2966,2956,2979,2964,2933,2973,2967,2997,2980,2922,2953,2955,2968,2935,2910,2981,2929,2976,2940,2911,2915,2935,2908,2950,2887,2895,2939,2918,2912,2929,2911,2922,2886,2900,2928,2900,2910,2850,2868,2907,2967,2909,2892,2916,2867,2902,2905,2902,2879,2880,2927,2901,2888,2873,2926,2868,2884,2880,2878,2864,2900,2862,2894,2894,2866,2881,2883,2900,2908,2853,2905,2920,2858,2900,2885,2891,2900,2891,2820,2880,2874,2882,2845,2840,2852,2859,2881,2848,2823,2816,2833,2857,2811,2844,2826,2832,2832,2838,2811,2855,2825,2847,2837,2826,2811,2853,2841,2822,2798,2832,2799,2849,2831,2832,2870,2818,2823,2795,2827,2816,2797,2829,2798,2770,2835,2818,2792,2828,2787,2798,2761,2812,2790,2791,2753,2762,2770,2771,2768,2779,2738,2783,2743,2738,2759,2738,2741,2742,2727,2787,2733
33194,32474,31895,31445,31070,30967,30507,30350,29754,29839,29400,29155,28861,28459,28045,27864,27580,27352,27111,26984,26887,26608,26556,26139,26354,26186,26174,26022,25839,25715,25660,25566,25216,25067,25116,24950,24733,24810,24749,24519,24534,24542,24267,24411,24351,23994,24074,24188,24236,24165,24220,24222,24262,24184,24066,24035,23852,23824,23725,23663,23796,23802,23859,23719,23686,23458,23367,23516,23428,23410,23408,23198,23292,23106,23055,22864,22855,23067,22926,22936,22816,22839,22859,22734,22648,22836,22811,22656,22650,22648,22549,22455,22636,22652,22710,22476,22444,22444,22568,22460,22458,22459,22555,22451,22432,22282,22427,22666,22484,22538,22586,22486,22551,22597,22454,22784,22449,22659,22508,22649,22423,22443,22487,22408,22327,22475,22464,22319,22405,22182,22363,22272,22046,22280,22014,22134,22214,22002,22134,22003,22000,22037,21912,22069,21973,21928,21911,22013,21922,22182,22030,22035,21908,22002,22027,22347,22125,22163,22162,22038,22311,22067,22301,22108,22181,22103,22166,22266,22184,22233,22145,22124,22203,22239,22215,22402,22155,22087,22182,22055,22200,22219,22199,22160,21993,22052,22067,22121,22113,22099,22273,22235,22083,22279,22127,22087,22045,22095,21949,22324,22184,22092,22015,22098,21998,22111,22166,22079,22125,21984,22085,22024,22083,22121,22093,21988,22193,22118,22137,21977,22160,22231,22184,22230,22115,22201,22233,22025,22101,22237,22113,22145,22217,22076,22234,22181,22150,22062,22221,22190,22248,21975,22148,22046,21963,22222,22007,22011,21991,22171,21916,21928,21992,21908,22088,21962,22010,22091,22106,21943,21915,21980,22088,21870,21819,21808,21779,21705,21731,21698,21617,21673,21653,21700,21416,21490,21494,21418,21404,21622,21381,21564,21459,21400,21348,21439,21143,21334,21369,21096,21460,21388,21250,21341,21368,21352,21246,21119,21223,21204,21181,21228,21128,21187,21129,21151,21274,20997,21161,21144,21101,20993,21115,21180,21013,20946,21024,20993,20900,20958,20981,21070,20971,20936,20974,20833,20858,20719,20899,20985,20920,20925,20883,20843,20838,20869,20790,20767,20720,20831,20605,20609,20770,20805,20570,20639,20748,20599,20541,20782,20680,20610,20846,20608,20625,20600,20632,20651,20560,20748,20714,20708,20580,20598,20726,20720,20594,20669,20529,20546,20556,20747,20644,20330,20571,20665,20705,20402,20345,20548,20470,20392,20556,20506,20410,20338,20480,20332,20475,20390,20530,20439,20416,20515,20399,20530,20512,20463,20344,20303,20347,20341,20241,20162,20353,20304,20175,20411,20228,20143,20253,20208,20217,20212,20145,20168,20124,19920,20236,20097,20045,19909,20133,20178,20147,20032,20150,20244,20051,20137,20089,20184,20081,20117,20009,20059,19858,20178,20109,20074,20083,20043,20175,20144,20109,20112,20182,20183,20125,20252,20085,20065,20006,20105,19988,20057,20007,20092,20172,19897,19844,20040,20006,19963,19887,20038,20026,20021,19922,20052,19949,20105,19957,19877,19984,19781,19905,19865,19836,19835,19910,19796,19780,19923,19848,19709,19848,19649,19792,19760,19837,19775,19730,19724,19849,19612,19674,19657,19702,19617,19540,19689,19603,19609,19637,19498,19509,19594,19490,19624,19512,19593,19523,19424,19441,19606,19462,19570,19392,19387,19536,19484,19463,19632,19483,19367,19457,19486,19467,19536,19476,19546,19432,19472,19488,19363,19380,19432,19508,19390,19429,19487,19364,19597,19414,19292,19521,19451,19575,19443,19407,19476,19486,19437,19247,19398,19344,19412,19523,19483,19380,19522,19415,19338,19308,19466,19336,19363,19314,19313,19215,19330,19222,19218,19239,19298,19306,19263,19378,19363,19278,19307,19450,19308,19364,19344,19204,19134,19302,19097,19364,19215,19184,19059,19347,19096,19023,19164,19171,18832,19156,19006,18902,18940,19037,18872,18980,18890,18994,18916,18981,19046,18981,19207,19005,19101,18990,19000,18967,19088,19034,19005,19104,18848,19018,18973,18935,18977,19043,18965,19005,19015,18806,18732,18952,18805,18838,18828,18874,18825,18763,18817,18786,18682,18745,18790,18673,18822,18854,18781,18688,18810,18902,18788,18766,18803,18893,18878,18858,18805,18874,18789,18711,18688,18813,18861,18734,18675,18666,18543,18728,18603,18443,18523,18398,18433,18364,18429,18409,18364,18357,18396,18439,18310,18289,18270,18130,18316,18051,18228,18396,18089,18168,18261,17951,18090,18147,17970,18167,18108,18027,17988,17960,18030,17918,18170,17988,17963,17906,18132,17900,18021,17927,18044,17920,17934,17955,17911,17937,18056,18207,18115,18210,18140,18285,18135,18265,18309,18162,18080,18265,18106,17952,18017,17950,17768,17893,17787,17603,17892,17718,17716,17708,17892,17697,17896,17720,17805,17875,17906,17819,17747,17952,17764,17879,17721,17730,17835,17828,17747,17593,17647,17573,17588,17691,17509,17677,17775,17633,17642,17650,17539,17579,17426,17598,17591,17509,17514,17618,17527,17576,17333,17450,17589,17486,17459,17554,17310,17353,17432,17337,17330,17362,17245,17389,17375,17509,17391,17328,17257,17161,17467,17244,17351,17199,17510,17371,17290,17175,17162,17247,17280,17152,17015,17085,17145,17152,17155,17213,17288,17088,17125,16998,17099,17024,17173,17133,17143,17098,17053,17037,16950,17040,16933,16958,16907,17000,17018,16891,17047,16975,16960,17020,17059,17099,16951,16982,17047,17026,16950,17119,16878,16887,16810,16818,16744,16801,16765,16644,16719,16626,16695,16488,16630,16676,16643,16503,16489,16542,16582,16474,16477,16595,16459,16488,16592,16477,16560,16380,16432,16494,16552,16358,16424,16350,16430,16238,16451,16328,16397,16314,16374,16421,16327,16340,16399,16301,16388,16303,16284,16271,16262,16294,16174,16144,16129,16279,16208,16191,16222,16132,16091,16158,16056,16191,16181,16358,16246,16202,16444,16111,16311,16183,16325,16301,16215,16219,16250,16259,16330,16318,16230,16309,16183,16144,16323,16261,16349,16333,16290,16311,16036,16187,16261,16240,16272,16328,16268,16230,16306,16259,16277,16346,16390,16548,16479,16388,16412,16349,16277,16337,16367,16512,16316,16199,16403,16405,16392,16469,16406,16468,16376,16463,16291,16317,16321,16436,16387,16282,16310,16374,16346,16163,16286,16298,16298,16231,16390,16307,16285,16274,16333,16264,16203,16126,16164,16032,16180,16220,16103,16097,16054,16124,16073,16042,16156,16021,16047,15959,16058,16145,16005,16149,16105,16002,16134,15927,16100,16123,16069,16009,16100,15989,16069,15943,15954,16048,15853,16035,15993,15911,15917,16030,15844,15842,15860,15835,15919,15847,15857,15859,15783,15670,15701,15709,15830,15678,15682,15726,15679,15809,15825,15721,15705,15648,15772,15675,15706,15732,15730,15566,15589,15552,15571,15548,15461,15438,15501,15504,15626,15500,15411,15363,15400,15305,15312,15243,15104,15130,15186,15166,15165,14990,15090,15098,15071,14940,15060,15054,15049,14874,14928,14825,14796,14829,14808,14892,14942,14862,14838,14848,14831,15008,14767,14825,14794,14809,14760,14741,14734,14733,14647,14659,14683,14571,14629,14801,14585,14588,14538,14655,14681,14596,14541,14640,14661,14679,14507,14511,14549,14770,14558,14587,14602,14540,14518,14457,14495,14486,14602,14540,14418,14480,14390,14485,14489,14471,14603,14481,14572,14565,14503,14622,14582,14449,14536,14648,14548,14556,14518,14731,14558,14625,14550,14655,14744,14726,14836,14773,14784,14606,14776,14784,14761,14641,14760,14676,14776,14714,14643,14715,14545,14575,14494,14548,14567,14570,14572,14482,14589,14542,14420,14377,14382,14412,14342,14402,14248,14109,14104,14127,14057,14067,13972,14017,13944,13873,13858,13808,13771,13772,13807,13736,13840,13765,13646,13708,13541,13643,13762,13573,13602,13702,13625,13577,13535,13528,13619,13570,13624,13503,13512,13476,13524,13505,13455,13482,13386,13278,13522,13515,13499,13419,13381,13372,13492,13522,13407,13284,13505,13314,13393,13341,13472,13389,13426,13402,13259,13302,13279,13242,13223,13227,13299,13219,13264,13245,13300,13283,13281,13205,13336,13204,13343,13311,13284,13278,13217,13335,13172,13186,13320,13199,13203,13187,13330,13264,13254,13158,13152,13116,13012,13196,13078,13032,12991,13144,13178,13079,13015,13022,13088,13050,13070,12934,13147,12958,13111,13108,13092,13076,13112,13076,13129,13120,13070,12998,12997,12943,12970,12873,12814,12919,12988,12887,12787,12845,12944,12946,12865,12735,12804,12793,12855,12930,12868,12898,12860,12869,12788,12928,12979,12900,12907,12910,12895,12848,12751,12800,12784,12827,12661,12787,12804,12739,12696,12802,12648,12684,12702,12579,12587,12570,12599,12538,12767,12514,12656,12674,12676,12661,12652,12697,12596,12732,12576,12587,12684,12525,12531,12804,12577,12653,12599,12550,12702,12657,12569,12842,12607,12675,12792,12821,12765,12643,12774,12629,12796,12749,12756,12670,12638,12641,12733,12692,12627,12603,12662,12472,12524,12395,12469,12260,12535,12392,12301,12211,12254,12186,12219,12212,12172,12204,12161,12136,12177,12003,12181,12045,12029,12060,12161,12016,12052,12136,11915,11987,12071,11939,11897,11933,11919,11856,11744,11792,11888,11658,11742,11699,11542,11509,11564,11563,11635,11437,11529,11495,11423,11502,11497,11542,11522,11548,11626,11541,11521,11465,11495,11475,11308,11475,11594,11449,11433,11397,11356,11258,11384,11235,11363,11276,11275,11239,11079,11124,11152,11090,11103,11108,11179,11178,11112,11031,11089,11195,11124,10961,11123,11065,11104,11065,10945,11064,10992,10930,11023,10940,10956,10914,10904,10927,10802,10813,10864,10740,10858,10817,10759,10740,10823,10852,10643,10786,10727,10686,10805,10719,10623,10654,10728,10669,10641,10694,10725,10768,10701,10722,10693,10715,10708,10580,10670,10661,10619,10581,10542,10542,10510,10567,10428,10572,10456,10393,10485,10442,10432,10342,10406,10439,10489,10471,10572,10396,10417,10472,10449,10405,10496,10425,10444,10479,10474,10573,10474,10527,10457,10595,10494,10409,10485,10393,10266,10349,10416,10465,10293,10346,10306,10279,10339,10258,10319,10232,10232,10250,10297,10162,10154,10330,10229,10280,10239,10300,10289,10256,10247,10392,10315,10295,10269,10268,10301,10315,10164,10153,10231,10023,10173,10034,10073,9994,10108,10054,10061,9985,10100,10052,9985,9925,9912,9972,9962,9861,10006,10113,10012,10001,9915,9974,10038,9992,10082,10013,9933,10010,9936,9904,9978,9938,9936,9820,9834,9906,9752,9889,9718,9720,9812,9851,9715,9681,9744,9603,9558,9572,9577,9620,9543,9573,9562,9620,9478,9629,9577,9592,9532,9557,9536,9576,9670,9631,9638,9535,9521,9508,9624,9541,9606,9531,9541,9477,9509,9413,9418,9509,9394,9507,9393,9330,9329,9311,9378,9278,9307,9274,9252,9167,9260,9155,9270,9212,9328,9227,9222,9206,9217,9352,9248,9251,9371,9253,9384,9313,9377,9412,9276,9339,9330,9352,9358,9385,9233,9205,9333,9266,9350,9247,9220,9287,9177,9240,9205,9137,9134,9203,9066,9066,9091,9085,9028,9158,9126,9099,9188,9049,9019,9113,9100,9114,9048,9014,9043,9103,9141,9081,9081,9104,9088,9107,9084,9038,9054,9125,9044,9010,9088,9067,9017,9003,8932,8910,8938,8900,8920,8847,8904,8867,8876,8875,8839,8760,8747,8749,8707,8695,8723,8728,8626,8698,8662,8660,8668,8749,8814,8691,8622,8648,8745,8586,8614,8671,8617,8578,8716,8678,8592,8606,8603,8552,8627,8643,8614,8567,8559,8373,8465,8439,8364,8350,8286,8375,8378,8326,8337,8332,8366,8306,8297,8318,8201,8269,8239,8290,8313,8266,8263,8379,8261,8259,8297,8199,8397,8313,8309,8292,8218,8249,8187,8150,8228,8105,8296,8232,8276,8173,8189,8231,8238,8170,8211,8190,8173,8157,8118,8104,7995,8081,7991,8073,7990,8038,7987,7990,7976,7975,7998,7913,7920,7899,7998,7896,7859,8064,7929,7835,7869,7927,8017,7948,8061,8058,7911,8062,8002,8041,7981,7971,8011,8008,8083,8047,8008,8039,7952,8051,7954,7996,8010,8025,7979,8040,7986,7900,7928,7899,7897,7834,7851,7838,7738,7770,7767,7861,7763,7724,7681,7668,7659,7709,7766,7749,7691,7788,7726,7673,7671,7686,7731,7696,7720,7635,7592,7676,7675,7723,7709,7642,7675,7554,7668,7746,7689,7725,7744,7741,7676,7677,7757,7683,7566,7670,7666,7641,7649,7592,7606,7594,7503,7484,7539,7488,7522,7424,7548,7385,7412,7368,7436,7435,7467,7493,7401,7406,7394,7320,7288,7333,7225,7338,7269
11606,11589,11450,11506,11456,11535,11605,11580,11670,11509,11487,11476,11641,11444,11572,11498,11535,11466,11447,11394,11493,11493,11366,11530,11507,11411,11511,11425,11347,11303,11362,11312,11472,11362,11302,11280,11334,11210,11273,11390,11377,11331,11289,11351,11105,11198,11282,11276,11305,11228,11322,11307,11366,11304,11172,11226,11361,11352,11238,11310,11399,11297,11233,11300,11293,11347,11331,11334,11331,11277,11312,11154,11326,11155,11262,11196,11223,11109,11104,11194,11094,11234,11119,11236,10999,11153,11014,11091,11096,11048,11055,11089,10979,11052,10981,11014,11036,11111,11046,11028,10984,11082,11018,10990,11004,11006,10911,11083,10974,11090,11026,11075,10983,10993,10936,10985,10931,10997,11041,10898,10848,10968,10795,10917,10758,10839,10864,10885,10713,10775,10860,10671,10847,10821,10804,10816,10779,10792,10788,10635,10748,10658,10712,10648,10629,10681,10649,10597,10677,10627,10676,10711,10711,10669,10670,10613,10637,10574,10586,10568,10679,10660,10638,10579,10627,10598,10571,10616,10594,10610,10489,10497,10579,10647,10596,10637,10475,10670,10548,10573,10569,10530,10436,10528,10434,10460,10492,10346,10498,10484,10468,10411,10464,10300,10344,10465,10470,10354,10326,10411,10439,10337,10406,10333,10378,10396,10434,10312,10354,10261,10353,10266,10291,10421,10292,10345,10260,10349,10350,10344,10319,10381,10237,10334,10255,10291,10283,10236,10199,10218,10240,10193,10269,10208,10165,10296,10276,10230,10192,10239,10228,10165,10162,10246,10106,10100,10177,10168,10075,10227,10061,10188,10084,10077,9963,9997,10077,10013,9965,9960,9967,10076,10073,9975,9964,9905,9937,9840,9999,9857,9945,9874,9892,9928,9901,9802,9883,9875,9774,9866,9856,9879,9799,9806,9839,9743,9908,9789,9848,9666,9749,9823,9760,9812,9706,9823,9833,9736,9767,9755,9722,9804,9752,9818,9723,9671,9648,9713,9654,9765,9698,9605,9658,9697,9624,9640,9498,9603,9650,9535,9519,9639,9520,9588,9473,9506,9442,9483,9596,9576,9409,9435,9440,9488,9502,9456,9391,9449,9360,9400,9353,9297,9384,9410,9293,9334,9387,9310,9397,9317,9376,9328,9254,9271,9316,9286,9305,9296,9293,9276,9277,9270,9332,9349,9255,9187,9170,9287,9224,9222,9294,9168,9217,9211,9290,9230,9208,9201,9118,9165,9251,9242,9101,9158,9159,9074,9066,9110,9117,9139,8984,9125,9185,9048,9017,9197,9044,9123,9070,9133,9068,9038,9040,9088,9113,9060,8994,9150,9126,9052,9098,9176,9096,9101,9119,9123,9131,9118,9099,9108,9115,9128,9146,9238,9136,9223,9204,9268,9139,9161,9240,9253,9131,9161,9227,9048,9229,9271,9117,9316,9208,9156,9227,9328,9203,9206,9227,9196,9283,9190,9189,9224,9227,9238,9159,9213,9138,9278,9141,9172,9204,9247,9238,9106,9193,9043,9098,9117,9148,9151,9141,9105,9130,9041,9140,9084,9177,9097,9146,9086,9098,9272,9156,9109,9242,9264,9195,9096,9144,9217,9228,9166,9153,9170,9248,9191,9101,9182,9172,9086,9213,9155,9144,9004,8985,9096,8995,8997,8931,8971,8913,8893,8881,8778,8859,8775,8871,8761,8785,8691,8662,8699,8781,8738,8676,8560,8581,8710,8581,8638,8634,8518,8529,8523,8513,8539,8598,8523,8455,8421,8388,8460,8470,8439,8337,8275,8406,8286,8365,8283,8270,8291,8251,8185,8213,8258,8246,8198,8205,8162,8129,8122,8147,8088,8094,8103,8023,8086,8124,7966,7984,8073,7967,7994,7992,7960,8006,7912,7922,7985,7904,7811,7814,7858,7846,7826,7876,7905,7814,7849,7837,7817,7839,7882,7821,7783,7792,7791,7842,7834,7729,7792,7825,7830,7768,7749,7817,7817,7791,7814,7754,7846,7792,7713,7726,7849,7766,7818,7731,7773,7762,7816,7703,7691,7756,7741,7780,7731,7715,7694,7593,7643,7674,7648,7549,7608,7647,7654,7595,7602,7561,7713,7611,7572,7554,7554,7533,7540,7580,7535,7553,7527,7525,7482,7490,7497,7445,7531,7483,7490,7479,7443,7458,7471,7383,7377,7391,7503,7403,7417,7426,7476,7412,7386,7432,7396,7383,7398,7436,7400,7454,7393,7387,7407,7359,7346,7285,7333,7312,7365,7334,7384,7367,7356,7307,7340,7239,7315,7206,7254,7300,7219,7285,7236,7258,7243,7249,7255,7303,7312,7287,7273,7275,7271,7228,7219,7146,7275,7273,7210,7241,7200,7302,7275,7215,7184,7296,7189,7244,7185,7289,7166,7189,7223,7218,7279,7176,7192,7160,7172,7206,7138,7141,7160,7202,7164,7173,7181,7218,7172,7109,7129,7101,7137,7090,7119,7119,7127,7103,7110,7162,7103,7109,7103,7097,7110,7080,7131,7073,7051,7083,7082,7051,7074,7061,7027,7051,7076,6959,7008,6979,6925,6962,7010,6969,7036,6962,6913,6976,6943,6900,6970,6967,6868,6939,6854,6938,6975,6905,6980,6955,6905,6841,6904,6953,6895,6786,6892,6834,6819,6938,6813,6894,6891,6958,6784,6902,6812,6843,6892,6853,6848,6821,6759,6812,6764,6804,6813,6846,6775,6832,6820,6808,6798,6737,6746,6779,6800,6748,6682,6741,6732,6680,6736,6730,6762,6732,6734,6730,6683,6674,6620,6695,6673,6692,6619,6626,6620,6626,6645,6693,6612,6628,6592,6637,6511,6599,6631,6561,6513,6575,6488,6471,6529,6563,6480,6476,6588,6532,6523,6443,6455,6578,6546,6529,6543,6463,6502,6377,6470,6539,6420,6403,6444,6352,6385,6453,6379,6368,6425,6276,6263,6377,6361,6383,6409,6379,6270,6346,6332,6420,6339,6366,6353,6260,6261,6285,6305,6243,6323,6315,6289,6320,6289,6272,6251,6203,6277,6223,6181,6277,6191,6252,6225,6181,6170,6295,6108,6245,6235,6233,6231,6210,6203,6218,6175,6140,6165,6188,6184,6129,6196,6172,6127,6154,6166,6101,6164,6151,6065,6051,6044,6070,6098,6194,6127,6149,6103,6142,6047,6121,6105,6018,6038,6059,6064,5997,6066,6008,5990,6000,5974,5926,6034,6031,5937,5960,5944,5954,5959,5949,5917,5944,5884,6027,5963,5935,5964,5907,5840,5895,5911,5940,5902,5799,5885,5917,5845,5879,5839,5882,5811,5915,5741,5799,5829,5806,5758,5828,5760,5715,5708,5775,5784,5674,5737,5725,5779,5767,5670,5727,5699,5704,5700,5749,5613,5605,5656,5632,5652,5653,5636,5562,5634,5572,5499,5589,5545,5608,5631,5618,5552,5636,5587,5528,5573,5561,5520,5494,5487,5543,5468,5518,5464,5472,5484,5439,5527,5447,5401,5470,5448,5408,5472,5417,5351,5387,5460,5395,5437,5413,5367,5372,5326,5350,5343,5297,5387,5296,5263,5354,5338,5346,5312,5253,5228,5209,5297,5194,5202,5253,5236,5303,5231,5184,5180,5193,5157,5184,5223,5152,5107,5166,5121,5118,5127,5136,5104,5100,5103,5102,5053,5105,5054,5104,5073,4982,5004,5047,5048,5066,5060,5013,5026,5046,4990,4971,4956,5015,4875,4956,4931,4947,4920,4901,4961,4910,4938,4972,4892,4957,4912,4946,4895,4938,4883,4881,4849,4898,4879,4895,4844,4870,4807,4831,4838,4844,4835,4878,4812,4810,4730,4796,4828,4709,4803,4794,4740,4776,4773,4800,4756,4722,4739,4759,4723,4717,4760,4737,4734,4737,4748,4711,4678,4626,4728,4669,4738,4678,4623,4635,4679,4649,4591,4608,4646,4555,4659,4656,4625,4669,4589,4598,4654,4548,4570,4572,4545,4612,4511,4510,4499,4538,4587,4533,4525,4484,4511,4465,4453,4527,4459,4477,4457,4475,4436,4455,4472,4484,4484,4418,4400,4367,4389,4427,4458,4400,4441,4448,4356,4390,4366,4387,4418,4384,4349,4399,4377,4404,4399,4388,4392,4350,4356,4292,4350,4326,4323,4326,4344,4330,4310,4331,4307,4286,4291,4322,4318,4281,4287,4244,4304,4296,4341,4366,4257,4269,4295,4277,4252,4286,4278,4268,4243,4250,4211,4263,4215,4224,4252,4207,4196,4235,4228,4179,4241,4169,4232,4254,4179,4289,4163,4186,4191,4202,4210,4203,4163,4178,4150,4188,4144,4192,4135,4139,4110,4112,4136,4067,4046,4103,4131,4125,4059,4109,4110,4079,4108,4160,4110,4131,4079,4099,4067,4137,4107,3998,4067,4069,4051,4115,3987,4075,4048,4040,4049,3995,4032,4028,4002,4010,3970,4020,3981,4009,4009,3976,3956,3956,3974,3981,3971,3931,3975,3995,3960,3944,3925,3945,3966,3937,3939,3899,3942,3908,3939,3944,3894,3957,3894,3896,3877,3907,3915,3901,3927,3897,3898,3902,3892,3894,3859,3917,3944,3896,3897,3870,3883,3833,3817,3883,3880,3852,3917,3873,3891,3878,3827,3873,3843,3805,3848,3844,3879,3819,3817,3828,3840,3879,3806,3835,3851,3854,3836,3826,3807,3835,3844,3799,3859,3808,3811,3831,3819,3788,3830,3803,3781,3788,3773,3789,3759,3811,3763,3762,3768,3757,3714,3771,3727,3773,3776,3741,3774,3793,3769,3752,3776,3798,3705,3711,3719,3726,3730,3765,3801,3722,3715,3705,3691,3712,3703,3692,3671,3680,3663,3696,3666,3661,3673,3656,3658,3703,3667,3680,3682,3703,3704,3643,3596,3645,3653,3647,3603,3600,3640,3650,3603,3643,3610,3606,3622,3560,3600,3581,3618,3617,3570,3607,3548,3585,3580,3552,3568,3527,3604,3570,3547,3559,3498,3559,3534,3576,3554,3571,3520,3595,3604,3574,3566,3536,3555,3542,3561,3524,3502,3525,3498,3474,3512,3554,3520,3496,3536,3454,3449,3482,3475,3474,3487,3507,3481,3491,3463,3485,3535,3487,3530,3472,3490,3467,3492,3511,3488,3470,3487,3493,3496,3480,3494,3492,3464,3466,3475,3456,3440,3444,3392,3444,3413,3409,3458,3411,3464,3431,3457,3424,3416,3406,3445,3446,3411,3419,3440,3426,3446,3423,3407,3377,3383,3410,3421,3433,3434,3396,3402,3387,3382,3372,3407,3351,3345,3343,3352,3357,3353,3380,3311,3345,3324,3324,3345,3325,3310,3311,3346,3334,3363,3319,3316,3359,3298,3342,3338,3319,3314,3327,3314,3298,3316,3265,3247,3293,3287,3321,3257,3317,3306,3270,3250,3317,3276,3254,3236,3239,3215,3233,3243,3269,3236,3228,3158,3229,3234,3215,3217,3194,3255,3215,3220,3248,3246,3215,3224,3233,3233,3241,3234,3187,3201,3209,3166,3202,3177,3166,3186,3203,3193,3179,3171,3161,3164,3162,3171,3107,3175,3135,3121,3181,3133,3093,3158,3139,3170,3155,3111,3109,3166,3135,3127,3131,3130,3151,3170,3145,3185,3158,3142,3170,3117,3115,3123,3136,3145,3124,3171,3143,3134,3128,3136,3103,3107,3097,3083,3150,3083,3051,3104,3076,3101,3076,3038,3094,3067,3050,3104,3104,3074,3084,3063,3102,3105,3096,3072,3116,3090,3082,3074,3061,3100,3007,3062,3078,3075,3068,3071,3092,3052,3070,3039,3009,3030,3022,3022,3002,3052,2993,3033,3017,3018,2984,3032,2992,2981,2979,3010,2947,2975,2948,3018,3018,2996,2984,2985,2959,2984,2963,2999,2983,3013,2992,2993,2980,2942,2908,2949,2955,2956,2971,2936,2935,2959,2970,2916,2937,2947,2935,2904,2935,2896,2949,2917,2881,2914,2926,2889,2904,2879,2848,2880,2866,2896,2873,2902,2906,2908,2907,2897,2900,2888,2925,2904,2903,2894,2873,2897,2897,2896,2865,2854,2871,2900,2866,2898,2879,2871,2867,2869,2876,2844,2879,2834,2838,2835,2844,2841,2854,2827,2814,2807,2824,2799,2813,2850,2845,2829,2801,2765,2789,2814,2782,2797,2828,2818,2741,2805,2838,2819,2821,2836,2817,2812,2879,2837,2795,2883,2831,2841,2817,2830,2817,2886,2791,2789,2787,2843,2850,2824,2793,2787,2839,2808,2839,2820,2807,2836,2823,2782,2760,2780,2773,2803,2776,2735,2769,2775,2751,2795,2723,2780,2756,2803,2739,2778,2750,2768,2757,2774,2756,2756,2779,2727,2777,2763,2758,2762,2791,2753,2756,2744,2787,2777,2765,2779,2766,2746,2772,2735,2756,2777,2737,2734,2749,2791,2772,2739,2747,2711,2750,2742,2718,2724,2747,2699,2686,2709,2703,2690,2737,2668,2720,2683,2674,2683,2709,2713,2675,2656,2707,2697
28955,28416,28032,27570,27313,27285,26876,26532,26414,26409,26034,26021,25502,25469,24862,24597,24400,24247,24054,24032,23714,23667,23526,23450,23302,23251,23276,23371,23065,22909,22837,22725,22546,22595,22415,22207,22170,22146,22078,21955,21788,21803,21888,21751,21690,21682,21625,21632,21514,21910,21764,21725,21718,21643,21683,21556,21419,21342,21297,21214,21279,21272,21270,21216,21264,21172,21066,21017,21171,21105,20904,21007,20837,20726,20704,20569,20702,20609,20660,20543,20516,20466,20385,20442,20339,20537,20258,20277,20385,20295,20270,20280,20316,20327,20179,20181,20153,20267,20350,20255,20237,20118,20193,20164,20287,20242,20245,20165,20183,20273,20249,20248,20225,20325,20276,20312,20275,20150,20156,20154,20141,20175,20298,20103,20212,20197,20099,20116,20150,20116,20069,19964,20020,20012,20134,19961,20044,19867,19885,19803,19802,19768,19702,19746,19729,19838,19921,19839,19963,19798,19842,19735,19797,19776,19859,20052,19948,20004,19830,20007,19942,19959,20049,19930,19936,20096,20002,20002,20017,20038,20065,20052,19928,19977,19926,19942,20084,19988,19917,20022,20019,19905,19934,19932,19960,19944,19947,20053,19997,19869,19948,19876,19912,19930,19915,20060,19996,19986,19758,19883,19903,20078,19906,19898,19997,20051,20071,19874,19894,19943,20078,19955,20082,19871,19945,20005,19854,19847,20108,19956,19973,20088,20090,19949,19934,20033,19941,20129,20051,19972,20132,19994,19991,20015,19919,19963,20043,20045,19901,20108,20018,20078,19943,20033,19951,19930,19845,19941,19866,19842,19860,19903,20016,19960,19793,19933,19767,20071,19944,19856,19853,19699,19715,19725,19672,19874,19877,19560,19586,19696,19510,19510,19586,19570,19479,19473,19299,19473,19272,19444,19326,19206,19340,19277,19322,19310,19342,19372,19188,19318,19263,19371,19225,19285,19304,19206,19083,19258,19160,19156,19216,19255,19285,19159,19190,19032,19117,19171,19116,18974,19129,19108,19030,19008,18918,19003,18882,18990,18940,19114,19046,18920,18947,18979,18904,18833,18931,18932,18810,18828,18934,18925,18877,18849,18918,18795,18794,18891,18798,18884,18659,18798,18676,18893,18685,18824,18814,18855,18716,18733,18792,18784,18853,18666,18659,18861,18945,18835,18713,18765,18836,18771,18866,18910,18673,18794,18796,18801,18639,18780,18685,18767,18752,18745,18619,18731,18525,18645,18607,18510,18599,18605,18530,18489,18528,18456,18469,18572,18619,18492,18526,18738,18560,18703,18455,18555,18539,18522,18493,18448,18385,18409,18489,18446,18559,18479,18415,18388,18341,18222,18347,18389,18350,18281,18336,18318,18316,18362,18385,18336,18217,18209,18269,18353,18301,18275,18233,18258,18260,18435,18388,18418,18195,18378,18264,18211,18300,18200,18161,18308,18383,18217,18287,18360,18314,18275,18251,18191,18364,18338,18363,18290,18282,18311,18270,18269,18114,18294,18206,18121,18252,18219,18276,18330,18183,18184,18223,18154,18296,18168,18121,18159,18305,18234,18128,18175,18057,18003,18013,18157,18103,17979,17987,18143,18038,18014,18171,18003,17989,17996,18026,17882,17976,17988,17999,17914,17933,17964,17880,17900,18005,17697,17780,17671,17849,17811,17870,17849,17810,17858,17994,17748,17727,17802,17802,17769,17763,17724,17691,17877,17791,17706,17728,17754,17720,17651,17806,17769,17644,17701,17639,17763,17802,17683,17753,17687,17741,17742,17760,17720,17760,17635,17517,17762,17791,17720,17747,17667,17731,17784,17668,17825,17607,17637,17591,17697,17624,17686,17657,17717,17667,17673,17785,17631,17686,17645,17713,17694,17527,17634,17507,17509,17628,17541,17589,17418,17619,17526,17468,17533,17507,17576,17513,17657,17559,17607,17577,17539,17437,17442,17523,17550,17506,17614,17578,17416,17428,17232,17376,17401,17377,17388,17359,17279,17320,17329,17239,17299,17278,17399,17363,17283,17328,17338,17366,17455,17397,17393,17354,17362,17277,17321,17298,17350,17510,17489,17364,17281,17323,17374,17399,17265,17376,17362,17308,17188,17335,17168,17146,17090,17268,17184,17279,17181,17170,17086,17018,17156,17041,17163,16992,17192,17092,17122,17173,17041,17226,17141,17107,17112,17052,17107,17084,17129,17188,17110,16997,17010,17031,17090,17048,16941,16917,16996,16899,16905,16914,16771,16770,16772,16821,16735,16822,16644,16719,16776,16677,16679,16596,16605,16533,16486,16481,16463,16582,16613,16626,16598,16497,16534,16450,16688,16463,16465,16494,16443,16444,16475,16446,16410,16448,16416,16487,16404,16440,16516,16382,16528,16408,16441,16499,16548,16750,16563,16686,16537,16607,16729,16559,16577,16606,16525,16443,16543,16331,16338,16184,16317,16226,16302,16280,16280,16275,16252,16242,16335,16146,16254,16313,16263,16316,16325,16267,16410,16247,16278,16271,16165,16215,16205,16120,16144,16164,16265,16189,16115,16139,16161,16094,16029,16194,16095,15998,16223,16126,16059,15994,16016,16064,16064,15883,16002,15965,16007,16120,16011,16059,15985,15898,15947,15768,15911,15851,15961,15822,15918,15864,15946,15766,15853,15828,15914,15894,15817,15823,15821,15807,15785,15784,15811,15875,15731,15688,15683,15629,15658,15685,15674,15703,15643,15632,15648,15859,15613,15594,15644,15552,15598,15650,15641,15465,15619,15594,15571,15535,15566,15572,15594,15652,15637,15617,15626,15594,15682,15623,15571,15672,15579,15500,15510,15436,15429,15488,15376,15495,15386,15182,15251,15291,15196,15140,15216,15185,15276,15247,15228,15200,15171,15070,15228,15252,15255,15130,15206,15067,15157,15117,15165,15100,15163,15172,15054,15072,15014,15013,15123,15057,14993,15045,15076,15101,14967,15039,14935,14895,14890,14872,15030,14895,14811,14824,14815,14879,14824,14979,14795,14731,14757,14866,14755,14925,14843,14818,14858,14863,14815,14824,14930,14932,14921,14971,14943,14904,14919,14988,14911,14921,15095,14856,14992,14851,15011,14925,14987,14894,15039,14803,14877,14935,14935,14809,15044,14927,14937,15053,15081,14995,14818,15031,14933,15034,15025,15161,15010,15024,14986,14930,14995,14980,15122,14992,15031,14978,15067,15036,15072,15043,14935,15188,15024,15040,15064,14937,14993,14884,14977,14942,14991,14972,15066,14964,15036,14971,14992,15090,14848,14818,14793,15006,14931,14970,14956,14894,14847,14783,14882,14879,14902,14843,14672,14704,14838,14735,14872,14755,14764,14720,14781,14724,14796,14785,14626,14777,14727,14668,14628,14881,14836,14791,14657,14691,14680,14666,14632,14535,14682,14709,14642,14582,14595,14524,14513,14520,14618,14520,14406,14587,14635,14453,14536,14517,14442,14459,14540,14456,14474,14390,14300,14476,14215,14354,14460,14409,14352,14307,14452,14374,14373,14250,14327,14285,14240,14184,14291,14121,14228,14289,14304,14115,14205,14264,14139,14093,14033,14155,13931,13875,13975,14050,13955,13831,13744,13830,13917,13795,13796,13777,13847,13738,13764,13669,13611,13638,13717,13593,13631,13552,13646,13488,13598,13676,13522,13688,13489,13583,13480,13473,13523,13545,13446,13430,13477,13478,13453,13419,13447,13469,13356,13386,13402,13495,13368,13396,13411,13484,13396,13373,13417,13297,13392,13324,13283,13407,13278,13443,13434,13463,13370,13317,13308,13307,13230,13366,13393,13395,13373,13234,13427,13359,13339,13349,13276,13385,13372,13299,13346,13325,13436,13306,13366,13317,13313,13500,13470,13580,13574,13395,13544,13520,13484,13405,13556,13527,13595,13551,13517,13482,13387,13410,13338,13459,13384,13361,13331,13438,13319,13333,13372,13280,13320,13199,13245,13179,13289,13133,13101,13120,13067,13093,13039,12885,12947,12868,12788,12826,12816,12754,12649,12662,12588,12729,12603,12603,12655,12575,12562,12552,12434,12448,12541,12482,12470,12568,12424,12515,12473,12512,12574,12469,12494,12417,12434,12376,12323,12328,12351,12243,12318,12344,12450,12424,12249,12364,12295,12233,12336,12328,12370,12275,12466,12243,12262,12326,12271,12259,12271,12206,12271,12156,12125,12223,12187,12141,12211,12085,12045,12118,12176,12074,12281,12178,12182,12094,12164,12200,12142,12310,12172,12102,12315,12181,12265,12152,12132,12202,12119,12052,12117,11930,12200,12083,12045,11995,12062,11903,12154,11932,11968,12060,12020,11941,11997,11969,11981,11998,11959,11949,11910,12055,12113,11974,11969,11940,11943,11999,11912,11983,11835,11837,11969,11820,11897,11880,11869,11814,11817,11761,11830,11654,11744,11692,11861,11835,11821,11779,11858,11879,11816,11784,11817,11923,11847,11851,11862,11878,11912,11677,11687,11809,11729,11652,11653,11643,11698,11764,11750,11673,11591,11663,11532,11540,11589,11588,11657,11645,11555,11480,11689,11563,11625,11594,11573,11641,11669,11588,11640,11549,11622,11562,11621,11498,11561,11610,11624,11532,11595,11599,11656,11632,11575,11673,11619,11572,11618,11746,11639,11819,11641,11699,11758,11644,11583,11637,11485,11635,11505,11534,11470,11554,11509,11435,11361,11430,11329,11321,11302,11285,11299,11167,11316,11175,11244,11188,11238,11171,11169,11223,11092,11045,11129,11019,11103,11114,11023,11089,10925,10895,10986,10942,10914,10979,10838,10889,10803,10898,10812,10643,10695,10808,10703,10601,10695,10618,10641,10655,10559,10614,10695,10592,10637,10603,10542,10580,10512,10560,10494,10514,10580,10607,10437,10489,10542,10381,10457,10499,10515,10390,10379,10426,10360,10284,10244,10372,10292,10254,10190,10242,10191,10180,10191,10130,10172,10230,10062,10182,10193,10218,10238,10232,10200,10276,10147,10199,10123,10081,10044,10065,10018,10049,10008,9988,9962,9935,9956,9926,10067,9990,9961,9895,9915,9818,9877,9938,9850,9901,9912,9843,9983,9781,9826,9796,9779,9766,9757,9798,9826,9825,9814,9785,9761,9783,9896,9759,9720,9720,9731,9760,9682,9666,9704,9726,9604,9578,9636,9616,9578,9591,9622,9613,9636,9576,9557,9567,9633,9664,9642,9673,9601,9661,9743,9678,9617,9615,9668,9566,9600,9606,9584,9574,9565,9465,9581,9530,9495,9511,9542,9530,9446,9569,9312,9375,9509,9389,9369,9397,9429,9478,9417,9441,9379,9393,9408,9455,9423,9446,9490,9432,9348,9418,9431,9495,9344,9415,9444,9391,9388,9333,9244,9237,9235,9193,9220,9206,9255,9194,9238,9137,9181,9166,9169,9138,9173,9195,9043,9214,9210,9126,9142,9174,9149,9069,9170,9227,9148,9205,9062,9029,9085,9033,8987,9079,9157,9094,9043,9023,9013,9027,9030,9055,8980,9035,8932,8873,8936,8866,8843,8944,8753,8712,8862,8823,8818,8807,8714,8728,8772,8833,8769,8793,8828,8855,8743,8812,8757,8872,8785,8772,8811,8764,8798,8698,8780,8712,8671,8684,8688,8587,8595,8655,8624,8564,8524,8572,8558,8557,8593,8483,8491,8489,8592,8543,8572,8497,8581,8576,8541,8545,8573,8586,8514,8564,8567,8546,8586,8567,8590,8551,8597,8528,8602,8498,8562,8541,8558,8503,8563,8478,8420,8461,8401,8489,8376,8559,8431,8348,8298,8393,8344,8358,8304,8465,8476,8410,8356,8255,8401,8321,8320,8367,8252,8420,8375,8395,8380,8345,8348,8381,8401,8349,8422,8405,8411,8388,8254,8312,8328,8229,8336,8279,8259,8267,8162,8198,8202,8220,8311,8210,8169,8129,8196,8128,8060,8009,8039,8032,7928,8022,7867,7975,7898,8026,8028,7905,8051,8055,7974,7917,7910,7993,8021,8003,8033,7932,8015,7878,7938,8008,7904,7978,7890,7974,7863,7876,7891,7807,7753,7728,7667,7672,7759,7608,7699,7757,7673,7650,7623,7588,7553,7646,7535,7497,7629,7640,7583,7622,7690,7667,7591,7629,7640,7723,7637,7639,7639,7489,7656,7606,7625,7598,7548,7598,7560,7637,7627,7535,7511,7525,7580,7565,7531,7552,7508,7467,7391,7471,7431,7413,7435,7428,7485,7375,7468,7381,7475,7367,7369,7436,7316,7320,7244,7336,7265,7306,7394,7266,7382,7295,7277,7350,7371,7388,7274,7410,7371,7486,7406,7339,7463,7440,7378,7412,7433,7452,7384,7397,7450,7408,7318,7379,7352,7347,7347,7236,7277,7352,7337,7308,7219,7188,7251,7245,7294,7271,7212,7199,7247,7203,7195,7117,7235,7233,7155,7187,7145,7138,7139,7190,7098,7077,7181,7144,7224,7120,7106,7138,7171,7033,7065,7166,7091,7157,7130,7173,7115,7064,7106,7120,7067,7105,7049,7034,7080,7077,7053,7068,6957,6943,7008,7010,6866,6943,6912,6954,6904,6900,6839,6809,6860,6923,6840,6875,6741,6823,6850,6716,6797,6820,6763,6710,6778
11249,11201,11058,11200,11198,11122,11168,11134,11080,11109,11171,11082,11154,11170,11192,11105,11177,11104,11070,11068,11100,11085,11066,11131,10993,10964,11023,11087,11084,11076,11085,11053,11005,10980,11049,10925,10963,10889,10934,11015,10959,10916,11003,10985,10923,10924,11074,10958,10880,10975,10927,10914,10981,10944,10890,10885,10991,10973,11002,10963,10974,11050,10905,10937,10899,11000,10952,10830,10936,10876,10933,10897,10885,10919,10836,10918,10901,10846,10789,10780,10773,10748,10789,10750,10757,10659,10717,10649,10726,10752,10740,10848,10752,10770,10685,10732,10670,10710,10700,10766,10679,10647,10667,10732,10768,10643,10698,10661,10687,10639,10627,10719,10704,10588,10590,10719,10607,10506,10542,10676,10578,10704,10505,10638,10481,10503,10450,10525,10483,10603,10545,10525,10467,10512,10348,10432,10370,10447,10447,10336,10467,10429,10388,10369,10326,10355,10349,10352,10420,10363,10260,10323,10354,10322,10268,10263,10301,10208,10318,10345,10399,10203,10299,10355,10212,10283,10365,10401,10291,10352,10341,10335,10258,10272,10371,10139,10268,10262,10241,10282,10193,10167,10144,10260,10120,10193,10179,10140,10197,10132,10156,10117,10130,10142,10078,10098,10093,10032,10152,9971,10154,10048,10218,10097,10008,10062,9958,10040,9991,10027,9970,9974,10029,10044,10020,10041,9876,9968,10099,10010,9937,10007,10023,9926,10009,9995,9942,9985,9951,9903,9976,9916,9937,9976,9891,9916,9860,9868,9877,9899,9935,9912,9877,9875,9795,9820,9831,9770,9672,9807,9750,9763,9763,9659,9720,9845,9648,9758,9648,9741,9688,9638,9658,9622,9679,9655,9600,9669,9643,9663,9637,9618,9552,9579,9624,9581,9622,9504,9579,9557,9529,9557,9512,9532,9531,9519,9529,9471,9498,9428,9502,9529,9455,9458,9437,9398,9453,9538,9475,9400,9409,9438,9502,9419,9388,9370,9366,9282,9398,9316,9482,9471,9351,9313,9363,9327,9366,9331,9261,9421,9242,9262,9245,9272,9225,9271,9196,9246,9169,9243,9209,9211,9171,9172,9186,9129,9181,9210,9135,9126,9112,9171,9078,9082,9076,9041,9076,9072,9072,9058,9062,9086,8972,9098,9004,8942,8982,9001,8907,8924,9053,9009,8999,8967,9037,8989,8998,8941,9037,8943,8926,8915,8939,8867,8910,8996,9020,8906,8941,8993,8962,8946,8943,8944,8845,8860,8953,8809,8824,8876,8841,8871,8876,8901,8896,8874,8831,8903,8746,8885,8792,8849,8822,8808,8752,8935,8808,8787,8787,8754,8851,8762,8745,8758,8922,8891,8807,8914,8848,8850,8905,8836,8847,8868,8834,8920,8878,8950,8869,8858,8953,8921,8869,8938,8921,8971,8855,8898,8891,8955,8840,8855,8904,8965,8978,8900,8895,8913,8901,8919,8966,8967,8830,8935,8938,8898,8820,8824,8882,8778,8801,8781,8884,8871,8875,8817,8819,8916,8813,8815,8878,8815,8747,8827,8938,8875,8834,8821,8873,8933,8834,8796,8820,8868,8807,8932,8904,8832,8921,8944,8980,8968,8962,8884,8849,8861,8857,8882,8873,8822,8798,8846,8748,8755,8730,8734,8710,8711,8683,8645,8700,8596,8504,8598,8616,8631,8436,8448,8375,8451,8464,8474,8416,8382,8392,8432,8367,8385,8417,8429,8331,8360,8331,8256,8264,8256,8272,8155,8270,8127,8160,8105,8132,8130,8080,8104,8098,8073,8108,8088,7962,8052,8082,8068,7947,7993,7991,7917,8010,7889,7879,7926,7862,7914,7882,7854,7900,7782,7834,7753,7788,7761,7807,7814,7758,7710,7774,7674,7688,7737,7636,7695,7617,7602,7696,7624,7598,7696,7636,7657,7644,7611,7551,7668,7577,7552,7576,7653,7575,7564,7560,7553,7543,7647,7483,7542,7582,7534,7643,7664,7672,7550,7587,7522,7609,7464,7569,7606,7554,7544,7545,7479,7523,7508,7536,7448,7517,7434,7446,7573,7467,7426,7431,7408,7472,7399,7425,7350,7370,7445,7399,7468,7455,7371,7307,7296,7301,7340,7401,7307,7352,7418,7355,7302,7263,7344,7317,7285,7270,7329,7205,7267,7276,7311,7274,7250,7236,7328,7229,7180,7253,7240,7225,7210,7192,7196,7173,7217,7294,7219,7158,7320,7159,7108,7206,7193,7169,7097,7151,7095,7114,7111,7137,7116,7091,7109,7072,7146,7144,7229,7084,7076,7030,7093,7048,7113,7081,7035,7129,7170,7105,7096,7046,7023,7124,7033,7065,7045,7007,7079,7046,7130,6979,7038,6962,7026,7003,7027,7026,6986,6986,7035,7019,7001,7047,7021,7004,7020,7047,7089,7027,6987,7036,6950,7022,7028,7023,6961,7023,6988,6953,6977,6998,6955,6879,6956,6960,6956,6959,6922,6957,6956,6939,6901,6906,6939,6913,6860,6934,6870,6882,6930,6867,6942,6803,6861,6868,6791,6842,6824,6834,6827,6789,6792,6841,6758,6662,6857,6790,6777,6715,6735,6773,6851,6790,6795,6765,6730,6750,6764,6683,6720,6690,6723,6648,6730,6725,6708,6687,6695,6742,6661,6686,6621,6700,6747,6702,6689,6627,6659,6646,6660,6672,6672,6673,6651,6639,6529,6626,6579,6626,6595,6609,6681,6656,6513,6600,6529,6577,6642,6602,6591,6615,6605,6546,6644,6610,6507,6485,6514,6527,6501,6543,6546,6410,6502,6437,6421,6457,6480,6510,6446,6398,6463,6451,6420,6323,6459,6380,6423,6434,6407,6389,6393,6407,6384,6434,6364,6359,6416,6365,6334,6368,6307,6262,6282,6252,6301,6253,6270,6196,6302,6266,6255,6222,6245,6213,6206,6148,6251,6240,6203,6172,6210,6133,6202,6187,6257,6200,6213,6179,6240,6163,6189,6114,6158,6210,6107,6151,6224,6122,6105,6099,6155,6091,6065,6161,6068,6095,6126,6072,6082,6076,6089,6088,6156,6064,6037,6041,6015,6096,6118,6100,6005,6021,6064,6084,6089,6043,6033,5998,6001,6090,6018,6013,5980,6010,5954,6025,5948,5971,5938,5986,5987,5975,5961,5971,5967,5974,5935,5951,5950,5945,5905,5875,5955,5881,5823,5926,5883,5906,5844,5908,5872,5831,5792,5908,5826,5833,5854,5827,5790,5781,5879,5797,5801,5822,5788,5774,5719,5685,5781,5724,5791,5704,5723,5762,5744,5700,5659,5675,5711,5722,5673,5668,5612,5655,5660,5674,5633,5653,5647,5624,5610,5653,5667,5637,5627,5609,5559,5596,5626,5541,5549,5480,5569,5517,5606,5531,5541,5482,5565,5487,5462,5515,5546,5521,5485,5430,5492,5489,5460,5527,5396,5403,5429,5381,5366,5433,5413,5347,5370,5384,5348,5370,5344,5342,5405,5309,5334,5305,5327,5323,5291,5342,5311,5218,5302,5311,5302,5294,5281,5246,5214,5226,5229,5184,5194,5212,5174,5196,5153,5192,5206,5196,5190,5107,5123,5162,5117,5142,5090,5172,5078,5071,5039,5055,5058,5040,5096,5013,5110,4988,5020,5017,4958,5026,4969,4969,4966,5007,4983,4971,4925,4918,4924,4911,4931,4982,4919,4910,4939,4945,4926,4876,4966,4820,4856,4869,4849,4789,4838,4825,4849,4805,4856,4776,4814,4832,4758,4802,4815,4744,4752,4755,4795,4802,4792,4745,4741,4761,4776,4710,4733,4775,4681,4791,4709,4728,4702,4692,4684,4613,4726,4680,4706,4632,4660,4642,4668,4663,4659,4747,4615,4636,4645,4644,4601,4723,4578,4600,4607,4654,4599,4549,4652,4585,4626,4563,4579,4502,4533,4609,4561,4490,4556,4542,4556,4557,4473,4474,4456,4476,4494,4428,4457,4487,4487,4477,4503,4446,4427,4450,4425,4391,4436,4437,4340,4432,4436,4389,4363,4317,4291,4376,4341,4323,4328,4354,4311,4324,4389,4305,4345,4344,4337,4329,4310,4316,4306,4382,4687,4854,4649,4305,4265,4292,4284,4271,4304,4320,4243,4275,4206,4214,4233,4197,4257,4234,4207,4248,4250,4248,4146,4238,4237,4221,4208,4187,4150,4194,4191,4165,4146,4228,4158,4175,4201,4148,4204,4155,4137,4144,4178,4143,4153,4162,4169,4100,4141,4147,4165,4167,4104,4145,4131,4110,4104,4121,4135,4065,4108,4084,4112,4103,4110,4091,4111,4026,4064,4090,4070,4073,4064,4035,4034,4037,4019,4047,4028,4055,4010,3997,4012,4006,4028,4036,4042,3983,3951,4024,4059,3998,3985,3978,3947,3992,3960,3987,3927,3960,3925,3927,3943,3900,3919,3931,3926,3929,3920,3942,3949,3899,3906,3914,3950,3909,3949,3916,3923,3903,3909,3871,3831,3883,3914,3875,3823,3838,3879,3844,3809,3848,3797,3823,3840,3822,3841,3798,3819,3755,3853,3820,3759,3839,3829,3833,3849,3796,3811,3789,3762,3852,3737,3749,3824,3800,3787,3814,3796,3741,3812,3778,3734,3853,3796,3760,3769,3715,3776,3766,3729,3756,3735,3746,3771,3735,3762,3741,3775,3721,3783,3710,3713,3748,3732,3753,3764,3751,3762,3735,3738,3752,3675,3726,3735,3755,3710,3690,3732,3646,3686,3695,3672,3715,3732,3604,3672,3714,3681,3691,3676,3666,3663,3699,3718,3665,3661,3664,3645,3632,3645,3675,3621,3688,3645,3623,3620,3663,3665,3615,3626,3628,3556,3617,3606,3609,3564,3596,3595,3651,3591,3633,3591,3628,3618,3632,3531,3614,3574,3604,3578,3608,3570,3573,3511,3538,3532,3520,3557,3512,3503,3474,3519,3544,3502,3484,3476,3541,3520,3489,3436,3476,3498,3457,3494,3451,3509,3475,3457,3497,3493,3452,3479,3478,3471,3456,3480,3491,3507,3521,3442,3455,3467,3412,3469,3447,3428,3412,3425,3413,3393,3407,3401,3402,3387,3428,3433,3465,3450,3445,3392,3414,3378,3425,3366,3420,3425,3391,3439,3428,3410,3395,3424,3425,3418,3447,3398,3412,3333,3388,3351,3392,3349,3406,3354,3355,3333,3391,3404,3348,3352,3372,3373,3334,3395,3349,3344,3354,3359,3363,3367,3373,3293,3374,3375,3302,3359,3344,3371,3352,3332,3346,3373,3349,3265,3310,3329,3297,3290,3266,3335,3330,3281,3286,3269,3239,3306,3278,3228,3287,3271,3304,3238,3277,3246,3226,3272,3247,3209,3254,3260,3316,3266,3309,3259,3292,3243,3230,3247,3241,3255,3248,3247,3218,3234,3244,3212,3241,3205,3210,3211,3208,3184,3169,3172,3139,3108,3160,3182,3151,3194,3156,3157,3149,3201,3167,3155,3189,3152,3143,3174,3158,3165,3140,3160,3164,3156,3159,3168,3114,3123,3124,3131,3136,3113,3121,3129,3114,3118,3082,3095,3086,3079,3098,3099,3079,3027,3068,3089,3103,3059,3054,3069,3042,3081,3080,3097,3061,3108,3123,3102,3087,3102,3081,3064,3132,3093,3060,3076,3103,3047,3111,3097,3070,3033,3043,3040,3048,3075,3077,3084,3038,3075,2999,3033,3023,2992,3020,2996,3022,3023,3060,3010,3002,3026,3025,3030,3032,3052,3045,3065,3003,3029,3029,3023,2996,3069,3034,2983,3010,3049,2994,3008,3034,3010,3004,3009,2977,2986,2951,3011,2972,2984,2964,3002,2983,2956,2993,2967,2961,2940,2914,2924,2942,2929,2950,2932,2913,2916,2881,2972,2962,2942,2918,2952,2896,2934,2951,2899,2931,2918,2907,2909,2929,2919,2909,2909,2909,2896,2897,2927,2913,2892,2879,2857,2848,2893,2867,2843,2875,2847,2857,2865,2854,2874,2855,2821,2823,2798,2832,2843,2838,2852,2860,2844,2851,2867,2873,2857,2850,2862,2832,2861,2829,2823,2851,2838,2846,2831,2807,2847,2811,2824,2828,2830,2809,2828,2810,2827,2849,2830,2861,2791,2821,2809,2816,2761,2822,2768,2773,2776,2836,2787,2785,2778,2772,2776,2751,2801,2772,2761,2770,2736,2812,2752,2767,2770,2792,2762,2784,2782,2815,2794,2792,2784,2796,2773,2804,2789,2781,2793,2799,2773,2838,2765,2769,2797,2766,2759,2807,2792,2761,2754,2754,2714,2711,2773,2759,2755,2752,2728,2757,2753,2739,2775,2762,2747,2759,2740,2722,2743,2754,2749,2722,2723,2706,2732,2712,2718,2754,2724,2709,2678,2723,2707,2713,2690,2745,2724,2723,2725,2748,2744,2724,2693,2746,2670,2717,2695,2729,2755,2719,2693,2702,2699,2702,2722,2681,2677,2678,2716,2679,2679,2697,2710,2667,2634,2653,2701,2687,2677,2635,2674,2656,2631,2678,2641,2666,2635
27402,26973,26556,26179,25761,25664,25418,25288,25036,24922,24577,24288,23959,24018,23510,23314,23116,23069,22839,22694,22583,22603,22256,22264,22251,22078,22005,21999,21848,21905,21603,21573,21485,21541,21348,21125,21106,20930,20905,20637,20857,20764,20819,20741,20680,20536,20565,20551,20656,20583,20733,20884,20582,20572,20599,20538,20138,20332,20239,20063,20160,20152,20305,20332,20058,20006,19899,19988,20077,20057,19803,19876,19772,19696,19812,19546,19639,19556,19670,19517,19520,19461,19440,19284,19424,19395,19399,19431,19296,19291,19310,19340,19332,19240,19131,19170,19126,19139,19116,19246,19235,19286,19044,19154,19283,19258,19129,19291,19224,19247,19232,19259,19399,19256,19269,19356,19338,19172,19359,19052,19200,19192,19203,19273,19180,19227,19142,19101,19076,19116,19045,18795,19018,19010,19000,18931,19037,18884,18856,18974,18836,18882,18967,18879,18730,18813,18815,18989,18861,18919,18792,18843,18910,18932,18932,18998,19050,19029,18810,19052,18979,19034,19034,18977,19112,19043,18985,19126,18937,19013,18924,19208,18958,18993,19029,19093,18906,18990,19024,18969,18921,19008,19002,19086,19046,18966,19041,19094,19046,19035,18868,19026,19000,19044,19113,19127,18957,19036,18979,18891,18934,19046,19113,18932,18861,18981,19082,18921,19052,18917,18959,18966,18985,19031,19013,18954,19133,18967,18999,19134,19191,19046,19047,18968,19143,19063,18981,18969,19097,19102,19105,19048,19021,19013,19099,19005,18999,19026,19150,19264,19078,19157,19095,19027,19140,18923,18948,18932,18991,19039,19019,19021,18922,19041,18848,18912,18843,19032,18843,18885,18845,18832,18844,18840,18949,18952,18856,18830,18724,18721,18594,18572,18626,18589,18600,18584,18585,18393,18613,18557,18611,18529,18436,18530,18324,18371,18571,18477,18479,18449,18259,18362,18391,18330,18337,18487,18305,18373,18523,18334,18341,18322,18222,18372,18419,18218,18238,18374,18316,18108,18283,18234,18245,18219,18343,18234,18166,18410,18238,18183,18121,18165,18206,18036,18041,18209,18088,18104,18061,18124,18139,18020,17977,18075,18037,17969,18024,18024,18056,18064,17914,17958,17924,17828,17932,17858,17920,17850,17947,17855,18072,17912,17975,17911,17847,17866,18072,17898,17951,17899,17886,17939,17992,17902,17936,17900,17852,17928,17866,17957,17897,17946,17815,17871,17797,17731,17888,17926,17863,17928,17860,17713,17847,17939,17831,17794,17759,17702,17736,17745,17748,17777,17725,17730,17709,17760,17830,17743,17643,17785,17674,17755,17727,17699,17607,17661,17615,17767,17604,17578,17769,17761,17660,17551,17696,17863,17632,17557,17545,17506,17570,17605,17538,17563,17481,17585,17667,17387,17407,17568,17514,17565,17544,17457,17597,17521,17473,17657,17637,17510,17518,17533,17496,17580,17537,17512,17499,17459,17492,17642,17463,17586,17360,17566,17501,17408,17528,17550,17411,17550,17517,17560,17413,17523,17447,17552,17486,17546,17425,17528,17416,17376,17376,17321,17503,17343,17246,17429,17260,17466,17371,17210,17329,17481,17282,17406,17332,17353,17244,17236,17261,17236,17265,17284,17144,17235,17228,17183,17245,17134,17155,17244,17152,17211,17152,17073,17029,17068,17155,17128,17124,17011,17121,17027,16928,16958,17115,16977,17058,17080,16851,16978,17046,17089,17115,17140,17092,17113,17026,16912,17024,16998,17127,16987,17018,16961,16999,17026,16912,17030,17038,17022,17036,17013,17057,16914,16936,16964,17087,16889,17167,16987,17086,17014,17007,17043,17070,16995,17102,17066,17141,16953,16988,16886,17024,17061,16720,16993,16819,16851,16782,16706,16854,16861,16764,16864,16870,16829,16920,16894,16944,16821,16887,16781,16862,16821,16938,16890,16797,16846,16744,16800,16741,16758,16644,16731,16708,16664,16696,16682,16539,16669,16634,16698,16717,16765,16694,16690,16730,16646,16758,16606,16627,16789,16659,16539,16653,16583,16671,16740,16488,16642,16613,16743,16565,16676,16712,16736,16640,16670,16567,16428,16605,16535,16526,16504,16517,16600,16429,16530,16564,16507,16406,16347,16409,16424,16323,16434,16394,16531,16469,16325,16467,16358,16407,16398,16499,16594,16324,16431,16327,16613,16451,16386,16445,16416,16300,16372,16400,16221,16316,16333,16353,16227,16271,16171,16125,16119,16261,16023,16048,16229,16125,16167,15987,16083,16070,16002,16088,15949,16026,16005,15886,16026,15897,15890,15842,15875,15859,15854,15837,15853,15711,15806,15825,15829,15661,15843,15809,15766,15789,15851,15643,15586,15729,15800,15646,15626,15729,15689,15823,15876,15943,16114,16058,15898,15952,16038,16083,15955,15714,15853,15768,15807,15646,15695,15589,15527,15656,15582,15639,15553,15643,15549,15526,15708,15637,15526,15661,15773,15593,15760,15625,15522,15665,15788,15572,15600,15559,15569,15627,15515,15595,15485,15592,15574,15411,15573,15409,15478,15375,15506,15440,15560,15465,15372,15351,15364,15379,15394,15292,15427,15374,15320,15329,15252,15394,15294,15468,15380,15144,15230,15330,15392,15062,15291,15244,15308,15240,15308,15299,15317,15192,15249,15031,15278,15166,15240,15198,15112,15142,15091,15189,15060,15150,14997,15079,15094,15116,15068,15151,15156,15102,15044,15084,15027,15068,14972,15120,15013,14935,14906,15047,14882,14926,15079,14897,14895,14946,15115,14979,14955,15053,14859,14997,14973,14868,14892,14877,14940,14825,14970,14740,14874,14894,14663,14784,14698,14845,14640,14730,14567,14616,14754,14583,14498,14677,14543,14635,14626,14609,14624,14548,14561,14664,14481,14575,14614,14490,14499,14627,14462,14615,14483,14480,14423,14386,14393,14416,14418,14385,14476,14331,14442,14376,14433,14299,14438,14445,14290,14378,14255,14328,14219,14244,14295,14251,14273,14249,14263,14301,14245,14311,14304,14259,14283,14234,14369,14429,14366,14308,14252,14276,14286,14380,14341,14346,14500,14372,14362,14362,14279,14254,14343,14234,14297,14286,14182,14243,14302,14161,14382,14464,14441,14447,14436,14392,14291,14443,14428,14512,14515,14401,14431,14358,14504,14301,14424,14528,14328,14455,14380,14585,14425,14567,14449,14440,14407,14544,14604,14344,14401,14487,14421,14389,14539,14384,14453,14318,14416,14356,14375,14290,14281,14370,14246,14365,14327,14185,14280,14272,14351,14393,14334,14296,14238,14247,14237,14164,14112,14306,14228,14300,14181,14158,14277,14135,14152,14187,14108,14145,14166,14165,14247,14149,14208,14051,14123,14213,14197,13937,14144,14103,14066,14165,14083,14058,14001,13947,13991,13855,13976,13992,14019,13932,13851,13852,13859,13997,13790,13912,13914,13933,13899,13769,13895,13924,13943,13825,13805,13951,13901,13734,13804,13737,13776,13786,13779,13726,13731,13765,13781,13734,13681,13786,13618,13566,13696,13606,13667,13610,13657,13703,13495,13476,13431,13331,13380,13427,13352,13244,13396,13189,13243,13263,13297,13217,13159,13042,13167,13180,13317,13208,13053,13131,13058,13084,13085,13002,12981,13120,13112,13033,13056,13057,12968,12953,12915,12933,13064,12932,12944,12913,12951,12802,13071,12850,12840,12919,12951,12858,12882,12911,12803,12858,12872,12865,12830,12704,12729,12878,12932,12859,12820,12747,12869,12911,12858,12834,12794,12767,12746,12778,12729,12841,12857,12705,12761,12783,12629,12788,12777,12707,12786,12793,12812,12765,12766,12844,12793,12845,12800,12985,12955,13090,12977,13002,12914,12983,12900,12977,12904,12846,13084,13050,13019,12904,12947,12868,12847,12882,12855,12935,12736,12872,12828,12736,12820,12836,12790,12746,12621,12660,12623,12703,12567,12531,12427,12534,12479,12417,12340,12316,12392,12454,12207,12157,12119,12123,12143,12252,12181,12175,12064,12087,12086,12120,12214,12080,12096,12100,12114,12065,11898,12012,11973,11937,11913,11957,11930,11864,11938,11889,11875,11872,11811,11846,11921,11824,11938,11791,11846,11921,11867,11910,11936,11896,11961,11840,11844,11860,11850,11849,11875,11681,11750,11794,11803,11632,11782,11621,11684,11620,11692,11713,11801,11678,11789,11700,11579,11687,11766,11819,11744,11622,11687,11726,11726,11626,11716,11626,11787,11645,11589,11611,11658,11686,11653,11594,11638,11653,11593,11584,11590,11507,11485,11570,11458,11537,11433,11511,11587,11563,11534,11499,11517,11529,11561,11518,11568,11528,11532,11585,11658,11454,11462,11465,11485,11498,11486,11450,11440,11363,11306,11371,11428,11419,11298,11361,11410,11376,11364,11356,11325,11277,11311,11463,11309,11306,11452,11403,11412,11385,11339,11368,11344,11307,11264,11281,11107,11258,11365,11193,11264,11196,11157,11118,11115,11188,11171,11130,11065,11107,11115,11113,11104,11206,11160,11180,11107,11079,11246,11118,11150,11249,11100,11149,11141,11083,11072,11073,11072,11064,11151,11138,11155,11128,11209,11130,11122,11162,11143,11249,11188,11215,11212,11224,11212,11122,11225,11140,11173,11123,11176,11133,11076,11085,11029,11031,11043,11050,10898,10983,10983,10923,10823,10794,10749,10763,10778,10738,10741,10762,10819,10738,10775,10672,10722,10677,10652,10665,10669,10709,10661,10659,10589,10582,10575,10647,10473,10538,10389,10483,10378,10485,10313,10198,10315,10221,10311,10158,10183,10199,10094,10272,10154,10185,10253,10158,10167,10173,10245,10226,10221,10185,10188,10142,10149,10220,10179,10125,10146,10053,10028,10048,10023,10026,10112,9982,10035,10124,9943,9968,9787,9845,9958,9808,9868,9806,9887,9831,9832,9798,9880,9898,9822,9831,9818,9722,9812,9836,9825,9804,9737,9730,9748,9620,9716,9652,9621,9615,9686,9577,9581,9552,9611,9477,9588,9523,9505,9551,9450,9441,9379,9562,9484,9497,9447,9436,9519,9531,9451,9506,9420,9476,9479,9383,9512,9570,9474,9449,9464,9395,9326,9334,9425,9344,9295,9356,9295,9247,9292,9249,9316,9243,9203,9244,9224,9193,9306,9317,9231,9292,9392,9306,9368,9241,9299,9271,9339,9228,9259,9323,9316,9319,9264,9225,9240,9169,9212,9184,9169,9142,9159,9075,9131,9172,9117,9187,9130,9164,9125,9133,9095,9058,9117,9019,9055,9191,9157,9108,9083,9053,9044,9071,9038,9144,9094,9170,9113,9122,9146,9076,9035,8914,9040,9050,8967,8874,8900,8872,8862,8873,8872,8934,8806,8859,8812,8812,8891,8780,8859,8769,8777,8863,8789,8832,8734,8820,8813,8890,8848,8855,8812,8833,8742,8653,8775,8835,8800,8707,8730,8668,8649,8726,8700,8786,8702,8595,8641,8547,8564,8477,8472,8516,8542,8433,8475,8566,8503,8424,8436,8437,8464,8477,8579,8444,8541,8448,8462,8399,8497,8492,8474,8529,8425,8465,8502,8496,8476,8498,8453,8379,8348,8350,8364,8318,8284,8262,8356,8268,8233,8248,8270,8237,8235,8259,8120,8178,8295,8262,8191,8211,8131,8173,8271,8159,8288,8172,8206,8234,8143,8230,8242,8292,8247,8270,8326,8297,8216,8339,8198,8150,8283,8228,8241,8255,8191,8176,8143,8118,8184,8035,8012,8142,7983,8126,8053,8068,7980,8154,8049,8002,8050,8023,8089,8014,8068,8147,8051,8026,8079,8020,8083,8022,8099,8089,8139,8036,7942,8043,8068,8076,8063,8040,8065,8076,7905,8021,7919,7960,8001,7857,7933,7998,7886,7834,7850,7759,7813,7779,7777,7728,7734,7694,7686,7680,7743,7712,7676,7694,7775,7782,7817,7671,7645,7637,7649,7663,7654,7650,7639,7719,7575,7737,7618,7708,7642,7669,7628,7697,7596,7579,7587,7494,7440,7472,7402,7501,7315,7430,7388,7427,7407,7356,7369,7298,7325,7317,7284,7303,7385,7397,7312,7346,7433,7485,7449,7368,7412,7375,7376,7372,7346,7354,7349,7393,7412,7341,7428,7293,7380,7361,7352,7322,7279,7292,7342,7275,7238,7290,7308,7231,7272,7197,7130,7140,7204,7232,7195,7203,7109,7086,7125,7091,7162,7055,7055,7087,7122,7053,7034,7153,7030,7117,7057,7029,7082,7069,7072,7151,7069,7062,7074,7084,7217,7231,7149,7168,7224,7152,7151,7091,7145,7119,7204,7065,7066,7111,7111,7127,7036,7059,7102,7022,6974,7067,6951,6970,6985,6943,6934,6939,6972,6907,6888,6894,6903,6906,6830,6901,6926,6921,6811,6830,6803,6887,6859,6907,6899,6840,6856,6795,6832,6895,6903,6914,6870,6830,6836,6946,6865,6854,6921,6866,6900,6860,6807,6801,6896,6832,6887,6877,6807,6856,6811,6784,6763,6833,6694,6759,6680,6646,6736,6609,6626,6676,6623,6624,6622,6576,6594,6539,6577,6510,6518,6531,6500,6533,6475
10859,10892,10966,11002,10809,10854,10801,10917,10820,10932,10799,10922,10845,10946,10866,10822,10881,10873,10768,10722,10887,10841,10727,10805,10919,10806,10693,10867,10755,10862,10781,10683,10713,10743,10797,10690,10611,10718,10608,10669,10720,10787,10599,10773,10674,10667,10663,10655,10727,10631,10733,10638,10759,10669,10755,10714,10660,10680,10625,10739,10731,10730,10728,10701,10701,10644,10635,10704,10637,10717,10652,10694,10691,10614,10569,10646,10678,10620,10521,10554,10518,10592,10488,10599,10561,10540,10553,10453,10545,10504,10456,10465,10464,10521,10440,10433,10449,10493,10532,10486,10566,10466,10471,10430,10480,10396,10487,10452,10425,10549,10417,10478,10368,10442,10409,10359,10452,10436,10470,10366,10370,10396,10360,10318,10243,10258,10188,10262,10302,10299,10235,10265,10269,10192,10192,10224,10186,10126,10185,10071,10155,10242,10205,10183,10113,10176,10178,10262,10110,10119,10205,10083,10132,10109,10122,10058,10029,10210,10077,10168,10161,10007,10088,10039,10081,10124,10054,10068,10036,10092,10066,10014,10040,9979,9949,10031,9960,10073,9922,10005,9941,10062,9896,10048,9969,9970,9970,9952,9925,9854,9791,9800,9823,9890,9852,9869,9866,9850,9848,9829,9851,9907,9829,9801,9849,9796,9775,9781,9888,9858,9766,9757,9771,9852,9851,9714,9793,9755,9763,9805,9806,9749,9749,9747,9810,9768,9727,9768,9731,9721,9722,9709,9642,9647,9723,9600,9779,9701,9674,9703,9717,9655,9617,9708,9684,9715,9590,9638,9573,9530,9646,9584,9648,9601,9481,9536,9533,9467,9468,9518,9500,9541,9420,9515,9422,9437,9404,9429,9358,9442,9469,9499,9383,9423,9396,9340,9251,9384,9305,9324,9345,9395,9310,9331,9314,9383,9349,9369,9246,9277,9215,9343,9209,9318,9231,9141,9269,9347,9206,9347,9189,9223,9244,9216,9276,9327,9210,9213,9268,9292,9167,9202,9153,9212,9137,9130,9205,9128,9090,9155,9065,9129,9113,9155,9016,9080,9085,9080,9022,8995,8998,9006,8971,9006,8956,8950,9029,8912,8927,8835,8910,8927,8876,8892,8868,8904,8943,8920,8788,8830,8838,8843,8791,8836,8754,8878,8891,8893,8881,8888,8734,8908,8872,8775,8691,8808,8773,8781,8829,8826,8767,8759,8799,8717,8792,8687,8771,8807,8730,8761,8741,8802,8756,8732,8675,8774,8629,8630,8690,8605,8651,8607,8618,8603,8671,8675,8651,8503,8680,8562,8628,8556,8645,8651,8631,8610,8553,8602,8611,8549,8639,8695,8598,8642,8670,8639,8722,8669,8608,8655,8649,8620,8721,8648,8650,8659,8639,8622,8720,8702,8639,8647,8697,8719,8633,8670,8666,8710,8733,8707,8742,8718,8716,8718,8655,8742,8724,8684,8706,8738,8690,8708,8738,8692,8663,8581,8664,8657,8616,8716,8666,8699,8653,8550,8578,8536,8613,8619,8674,8545,8607,8528,8582,8568,8642,8640,8530,8655,8619,8647,8595,8669,8698,8655,8653,8635,8661,8693,8607,8592,8662,8635,8663,8588,8643,8602,8655,8623,8639,8538,8614,8603,8582,8564,8564,8430,8533,8507,8474,8480,8434,8415,8351,8312,8393,8309,8333,8195,8295,8277,8221,8207,8179,8204,8216,8149,8208,8098,8128,8116,8186,8061,8181,8084,8114,8001,8014,8092,7951,8023,7911,7932,8010,8001,7958,7887,7900,7867,7849,7835,7872,7876,7850,7807,7717,7788,7783,7864,7745,7705,7760,7738,7756,7710,7787,7702,7658,7672,7755,7631,7597,7624,7633,7648,7599,7559,7614,7611,7513,7534,7465,7561,7544,7497,7558,7588,7458,7513,7469,7391,7519,7471,7443,7450,7463,7507,7387,7397,7495,7334,7361,7468,7458,7384,7422,7405,7375,7425,7394,7385,7436,7411,7386,7356,7413,7430,7458,7373,7370,7348,7321,7406,7378,7399,7272,7300,7339,7355,7296,7269,7299,7263,7342,7228,7259,7244,7250,7291,7309,7202,7211,7227,7209,7196,7245,7244,7191,7151,7208,7233,7099,7163,7123,7193,7144,7127,7140,7171,7139,7195,7121,7198,7127,7113,7120,7141,7178,7128,7065,7071,7088,7048,7024,7042,7044,7038,7035,7080,7118,7068,7086,7055,7072,7064,6941,7017,6917,6998,6930,6948,6939,7018,7033,7042,6967,7025,6963,6928,6887,6968,7017,6954,6979,6967,6874,6971,6952,6892,6908,6925,6990,6883,6957,6988,6935,6860,6925,6875,6967,6845,6872,6912,6861,6899,6949,6906,6846,6958,6938,6853,6877,6904,6887,6917,6862,6849,6918,6920,6867,6860,6885,6859,6829,6891,6851,6838,6755,6867,6959,6874,6835,6835,6766,6842,6880,6788,6813,6827,6778,6773,6840,6759,6812,6777,6732,6753,6795,6680,6798,6709,6748,6742,6721,6736,6715,6682,6695,6698,6628,6674,6667,6746,6619,6629,6656,6725,6640,6955,7253,7471,7106,7312,8323,8280,7268,7277,7397,7964,7998,7471,7648,8105,8181,7440,8631,7730,6850,6578,6552,6565,6570,6552,6591,6551,6582,6551,6519,6582,6623,6480,6516,6468,6501,6569,6438,6495,6491,6409,6468,6546,6433,6445,6435,6453,6430,6447,6429,6455,6436,6385,6417,6471,6371,6400,6417,6486,6414,6402,6450,6387,6387,6400,6377,6439,6418,6295,6348,6343,6276,6307,6366,6306,6356,6328,6382,6303,6292,6295,6246,6294,6296,6272,6257,6236,6302,6219,6278,6276,6253,6213,6205,6191,6112,6202,6173,6199,6188,6200,6151,6191,6163,6226,6066,6110,6066,6127,6132,6175,6153,6131,6127,6102,6148,6074,6042,6009,6101,6102,6044,6120,6056,6028,6066,6069,6050,6049,5968,6029,6035,6053,6012,6026,5971,6016,5970,6002,6052,6047,5933,5955,5989,5977,5986,5930,5992,5930,6034,5966,5880,5892,5957,5903,5919,5958,5989,6024,5926,5912,5923,5930,5899,5878,5865,5901,5844,5885,5874,5846,5816,5849,5790,5806,5795,5883,5879,5815,5857,5848,5835,5881,5795,5828,5794,5797,5856,5839,5741,5738,5825,5838,5854,5792,5700,5692,5778,5731,5713,5737,5788,5738,5732,5774,5690,5659,5674,5665,5627,5719,5657,5587,5649,5621,5697,5647,5531,5617,5596,5713,5622,5583,5543,5660,5596,5577,5560,5591,5559,5571,5611,5537,5482,5516,5578,5527,5564,5401,5487,5475,5481,5508,5444,5436,5426,5470,5414,5446,5447,5446,5417,5385,5395,5363,5400,5315,5367,5345,5391,5387,5383,5339,5356,5348,5314,5312,5308,5307,5339,5266,5304,5308,5271,5239,5290,5255,5282,5269,5247,5226,5312,5193,5232,5203,5232,5167,5114,5195,5172,5196,5199,5119,5175,5150,5120,5165,5130,5137,5076,5145,5155,5103,5140,5073,5119,5015,5056,5017,5093,5022,5042,5021,5009,5076,5031,4995,5016,4961,4951,4991,4903,4968,4959,4936,4952,4854,4889,4949,4901,4923,4912,4896,4898,4837,4883,4853,4821,4847,4837,4818,4827,4879,4771,4796,4797,4880,4828,4764,4834,4794,4813,4787,4746,4771,4771,4750,4664,4796,4753,4697,4713,4675,4704,4730,4756,4690,4732,4695,4733,4646,4690,4660,4659,4654,4718,4646,4658,4722,4593,4604,4633,4654,4601,4643,4582,4630,4608,4538,4566,4591,4584,4539,4609,4604,4597,4598,4530,4545,4486,4571,4562,4513,4546,4569,4587,4554,4432,4505,4475,4498,4469,4462,4446,4417,4448,4428,4451,4452,4427,4396,4443,4407,4419,4416,4387,4382,4359,4410,4416,4407,4386,4436,4366,4361,4320,4335,4358,4384,4340,4368,4382,4260,4280,4319,4289,4272,4274,4258,4299,4273,4299,4254,4217,4234,4286,4261,4268,4295,4237,4282,4280,4285,4214,4276,4247,4238,4184,4238,4194,4209,4236,4202,4181,4188,4156,4152,4169,4184,4152,4148,4117,4136,4177,4157,4115,4120,4197,4100,4140,4148,4131,4131,4199,4168,4153,4122,4138,4088,4092,4046,4070,4075,4122,4094,4071,4129,4119,4104,4043,4048,4061,4052,4032,4042,4005,4020,4056,4016,4061,4037,4042,4003,4005,4054,4043,4011,4064,4016,4039,4038,3992,4000,3986,4042,3965,4027,4030,3980,3936,3976,3980,3972,3980,3931,3970,3872,3916,3968,3975,3962,3915,3896,3926,3939,3908,3960,3956,3899,3958,3902,3821,3969,3882,3853,3849,3911,3824,3900,3820,3856,3868,3864,3839,3840,3839,3806,3871,3829,3828,3885,3862,3791,3842,3824,3867,3812,3819,3807,3776,3766,3834,3779,3756,3770,3805,3799,3746,3762,3756,3791,3800,3755,3753,3809,3770,3752,3763,3753,3736,3755,3757,3731,3786,3815,3771,3724,3738,3783,3773,3802,3772,3777,3714,3771,3751,3739,3744,3741,3692,3722,3728,3734,3686,3697,3690,3690,3693,3727,3654,3632,3688,3684,3641,3724,3622,3650,3650,3704,3700,3695,3689,3715,3689,3653,3674,3656,3654,3666,3666,3647,3688,3603,3643,3669,3676,3616,3645,3599,3622,3632,3609,3662,3593,3675,3615,3646,3593,3614,3598,3656,3632,3584,3605,3575,3602,3598,3600,3566,3622,3609,3580,3601,3578,3555,3575,3577,3554,3508,3507,3520,3543,3577,3507,3546,3499,3581,3509,3516,3537,3520,3536,3474,3482,3568,3515,3522,3508,3520,3511,3463,3499,3473,3495,3477,3463,3464,3518,3517,3459,3459,3475,3449,3445,3404,3413,3417,3431,3445,3423,3414,3391,3473,3473,3462,3431,3433,3417,3412,3443,3429,3412,3445,3394,3432,3432,3447,3394,3386,3368,3355,3388,3415,3356,3395,3368,3422,3341,3345,3416,3338,3373,3367,3348,3404,3370,3388,3403,3345,3372,3379,3363,3347,3355,3366,3394,3417,3334,3379,3383,3373,3313,3375,3335,3338,3325,3340,3304,3324,3350,3343,3311,3345,3305,3311,3312,3343,3278,3328,3317,3295,3319,3325,3314,3282,3353,3332,3300,3283,3289,3324,3300,3307,3272,3322,3294,3296,3273,3292,3244,3259,3254,3303,3305,3228,3215,3247,3254,3263,3204,3223,3223,3186,3223,3226,3201,3235,3235,3185,3195,3223,3216,3215,3238,3229,3228,3252,3233,3175,3246,3187,3193,3157,3162,3188,3157,3198,3215,3244,3192,3183,3161,3150,3160,3152,3134,3157,3147,3162,3153,3142,3149,3134,3118,3126,3140,3133,3124,3110,3130,3122,3096,3098,3126,3097,3134,3132,3141,3134,3153,3109,3071,3083,3050,3085,3092,3091,3074,3096,3101,3087,3080,3068,3074,3086,3059,3064,3064,3071,3051,3049,3067,3050,3041,3015,3056,3051,3017,3033,3039,3068,3022,3005,3005,3050,3067,3015,3056,3007,3037,3019,3024,3065,3051,3041,3046,3018,3050,3050,3033,3024,3044,3020,3058,3019,3023,3027,2985,3002,3008,2999,2976,2973,3009,2955,3004,2979,2997,2952,2992,2994,3006,2978,2983,2993,3001,2995,2992,2980,2965,3014,2995,2963,2992,2979,3003,2957,2937,2977,2989,2997,2973,2940,2980,2972,2941,2903,2929,2927,2919,2931,2978,2919,2945,2905,2900,2903,2878,2900,2866,2905,2915,2896,2889,2889,2887,2883,2892,2893,2899,2859,2898,2886,2915,2916,2892,2881,2891,2907,2894,2876,2889,2877,2877,2864,2849,2836,2875,2852,2813,2807,2832,2820,2797,2880,2823,2821,2875,2785,2820,2795,2820,2796,2774,2807,2799,2803,2798,2790,2776,2829,2831,2825,2862,2821,2816,2786,2790,2833,2800,2788,2842,2782,2795,2796,2779,2792,2803,2757,2808,2769,2835,2801,2802,2770,2794,2763,2757,2771,2789,2751,2759,2793,2785,2760,2709,2745,2754,2771,2734,2748,2748,2707,2722,2752,2698,2745,2791,2712,2722,2724,2756,2719,2718,2742,2724,2769,2749,2787,2752,2773,2771,2779,2752,2780,2755,2758,2747,2781,2761,2764,2773,2794,2757,2782,2701,2731,2721,2718,2726,2717,2725,2698,2683,2741,2692,2711,2682,2700,2690,2724,2673,2709,2700,2688,2662,2711,2668,2720,2706,2720,2664,2654,2667,2729,2704,2685,2671,2690,2693,2701,2660,2700,2650,2695,2707,2691,2664,2721,2683,2682,2652,2691,2718,2646,2675,2682,2688,2672,2675,2688,2665,2658,2673,2662,2646,2654,2665,2633,2636,2673,2620,2633,2632,2599,2643,2613,2621,2589,2611,2606,2632,2641
25567,25229,24958,24816,24485,24392,23967,23971,23987,23811,23736,23516,22879,22812,22763,22520,22149,22266,21940,21940,21860,21735,21812,21678,21620,21413,21560,21416,21421,21257,21093,20998,20933,21033,20686,20731,20499,20395,20400,20390,20355,20415,20398,20320,20176,20279,20087,20174,20224,20357,20368,20251,20295,20253,20355,20009,20026,19903,19937,19920,19817,19902,19961,19863,19898,19856,19744,19775,19745,19743,19621,19671,19454,19414,19341,19546,19365,19291,19387,19430,19332,19161,19279,19259,19168,19207,18996,19183,19132,19020,19010,19049,19117,19099,18929,19124,18944,19077,19053,19131,18984,18960,18950,19067,19079,19033,19034,18991,19167,19178,19005,19035,19125,19039,18984,19211,19052,19083,19152,19133,18948,19137,19135,19014,19062,18973,18922,19066,18960,18903,18898,18867,18851,18913,18939,18806,18902,18838,18892,18734,18820,18680,18657,18802,18858,18774,18750,18837,18679,18756,18695,18664,18940,18891,18768,18843,18676,18856,18945,18826,18932,18803,18822,18994,18838,18895,18948,18915,18883,18900,18909,18932,19037,18968,18975,19005,18822,18858,19095,19059,18951,19112,18925,18889,18919,18963,18982,19027,18948,18910,18990,19019,18898,18983,19018,18902,19022,19053,18810,19083,18897,18955,18963,19004,18965,18916,18811,19016,19068,18752,19036,18944,19019,19018,19100,18829,18886,19236,19018,18856,19155,19049,18977,19034,19099,19104,19072,18906,18959,18899,19014,19052,19076,19026,18934,19016,18937,19027,19102,19051,19172,19082,18905,19038,19058,18957,19014,18962,18870,18923,18904,18969,18857,18980,18776,19007,18915,18962,18899,18928,18918,18904,19104,18786,18745,18695,18684,18854,18849,18650,18758,18759,18790,18754,18570,18578,18673,18765,18643,18572,18524,18507,18534,18588,18550,18458,18560,18495,18410,18582,18495,18438,18434,18574,18384,18361,18507,18396,18376,18500,18240,18509,18375,18366,18262,18420,18296,18565,18256,18328,18263,18253,18401,18175,18211,18398,18196,18196,18111,18103,18293,18330,18318,18109,18164,18257,18180,18128,18112,18188,18182,18243,18209,18092,18147,18087,18159,18121,17966,18125,18154,18135,18092,17973,17927,17997,17970,18006,17979,18071,18043,18070,17928,18067,18075,17950,17952,18022,17983,18052,18063,18021,18097,17954,17961,17958,18034,18080,17975,17975,18007,17927,18147,17963,18127,17886,18012,18047,17936,18006,18045,17852,17877,17902,17759,17916,17911,17864,17942,18011,17919,17844,17952,17851,17951,18063,17822,17834,17752,17839,17821,17740,17807,17768,17878,17840,17848,17821,17715,17764,17675,17784,17732,17759,17684,17780,17645,17610,17722,17657,17632,17633,17646,17858,17539,17665,17711,17659,17795,17678,17564,17741,17744,17675,17725,17444,17632,17730,17553,17589,17579,17624,17623,17687,17540,17668,17473,17631,17638,17695,17668,17555,17554,17690,17647,17629,17662,17448,17632,17652,17531,17595,17704,17642,17608,17719,17741,17656,17533,17622,17639,17493,17515,17455,17566,17461,17461,17552,17563,17471,17554,17555,17468,17443,17406,17360,17503,17412,17523,17365,17425,17404,17411,17378,17301,17355,17251,17439,17105,17232,17319,17349,17257,17258,17222,17157,17187,17322,17167,17274,17075,17110,17147,17275,17190,17172,17199,17258,17166,17257,17245,17231,17141,17311,17171,17230,17024,17310,17096,17175,17231,17028,17117,17170,17204,17179,17154,17198,17234,17140,17078,17131,17174,17076,17086,17109,17158,17175,17146,17036,17142,17215,17267,17020,17074,17092,16952,17049,17079,17186,17228,17006,17092,17143,17148,17236,17059,17152,17203,17069,17057,17008,16815,17000,17155,16964,17003,17063,17085,17050,16974,17024,16911,17127,17064,16971,16972,16958,16990,16974,16833,16972,16936,16866,16882,16827,16868,16742,16713,16819,16752,16854,16788,16706,16734,16873,16750,16727,16808,16750,16906,16688,16720,16611,16720,16766,16754,16666,16755,16769,16659,16548,16750,16865,16701,16809,16846,16829,16720,16782,16634,16776,16679,16604,16642,16675,16616,16646,16634,16649,16696,16685,16733,16621,16593,16567,16486,16613,16525,16507,16497,16572,16584,16576,16606,16556,16578,16547,16505,16644,16560,16602,16431,16593,16578,16581,16509,16393,16381,16443,16477,16452,16494,16360,16300,16326,16200,16303,16384,16322,16167,16138,16257,16218,16110,16220,16200,16072,16062,16112,16089,16204,16021,16074,16039,16058,16002,16005,16026,15956,16192,15942,15881,15987,16018,15949,15939,15976,15854,15878,15946,15825,15929,15826,15864,15929,15893,15877,15855,15955,15911,16049,16073,16175,16159,16133,16148,16239,16089,15963,16005,16005,15884,15900,15819,15771,15754,15770,15682,15791,15681,15934,15701,15849,15802,15844,15883,15775,15887,15866,15744,15728,15754,15821,15685,15780,15679,15654,15770,15737,15710,15675,15682,15658,15631,15743,15737,15589,15623,15520,15511,15552,15608,15600,15536,15479,15539,15584,15575,15380,15303,15408,15491,15441,15487,15388,15494,15485,15448,15502,15437,15341,15459,15349,15434,15277,15422,15500,15230,15452,15406,15310,15387,15319,15349,15402,15395,15291,15295,15410,15253,15275,15282,15290,15259,15226,15318,15196,15205,15219,15357,15242,15183,15135,15132,15271,15085,15141,15146,15180,15305,15110,15012,15037,15055,15111,14961,15102,15117,15186,15066,15113,15139,15058,15119,15175,15199,15146,14965,15013,15006,14919,14912,14907,14943,14840,14881,14914,14723,14810,14744,14888,14700,14749,14740,14777,14745,14661,14795,14757,14708,14687,14791,14765,14656,14859,14688,14745,14678,14674,14713,14537,14671,14587,14737,14528,14545,14602,14751,14519,14634,14505,14579,14614,14602,14511,14491,14502,14535,14374,14467,14335,14410,14497,14436,14579,14375,14446,14322,14500,14304,14379,14303,14426,14417,14540,14481,14480,14437,14488,14519,14504,14555,14532,14484,14521,14570,14518,14547,14618,14491,14495,14529,14474,14387,14388,14472,14334,14515,14499,14534,14505,14540,14477,14370,14482,14449,14485,14549,14514,14537,14651,14573,14511,14487,14526,14586,14569,14571,14595,14610,14509,14702,14579,14581,14549,14616,14455,14652,14552,14618,14439,14506,14586,14571,14371,14553,14533,14595,14417,14470,14557,14480,14411,14536,14572,14571,14444,14507,14417,14481,14451,14378,14377,14412,14323,14372,14265,14348,14243,14283,14261,14328,14261,14271,14282,14230,14256,14209,14190,14215,14244,14213,14287,14269,14383,14278,14228,14200,14337,14216,14238,14137,14159,14223,14192,14135,14110,13998,14028,13939,14041,13935,13972,14001,14055,14062,14068,14054,14038,13979,14008,13980,13963,13953,13900,13985,13985,13953,13837,13837,14002,13856,13902,13865,13674,13919,13782,13901,13866,13947,13926,13764,13744,13911,13786,13744,13679,13718,13709,13726,13623,13595,13768,13569,13552,13513,13629,13516,13446,13488,13496,13354,13395,13404,13343,13275,13164,13291,13189,13207,13265,13247,13198,13243,13212,13139,13187,13235,13264,13303,13119,13107,13204,13165,13106,13065,13125,13149,13226,13121,13072,12994,13021,12996,13029,12946,12933,12914,12964,12956,12887,13101,12884,12899,12894,13083,12878,13026,12818,12854,12918,13002,12965,12933,12969,12924,12857,12894,12811,12782,12902,12785,12832,12782,12939,12857,12995,13050,12993,12856,12904,12809,12853,12846,12923,12873,12993,12925,12887,12972,12933,13047,13089,13041,13002,13003,12982,13069,13127,12993,12966,12971,13006,13035,13002,13062,13047,13027,13012,13012,12947,12988,12856,12849,12927,12942,12895,12779,12812,12781,12731,12814,12707,12624,12661,12589,12714,12659,12527,12495,12474,12465,12256,12345,12308,12359,12318,12292,12288,12316,12266,12401,12316,12239,12270,12283,12269,12197,12210,12248,12174,12192,12192,12203,12089,12009,12074,12241,12109,11980,12070,12119,12099,12032,12023,12114,11983,11982,11915,11984,12117,11893,12010,12026,12045,12027,12029,11960,11950,12022,12008,11857,12048,11873,12016,11877,11892,11894,11741,11807,11825,11876,11769,11772,11691,11737,11788,11890,11795,11807,11690,11890,11843,11931,11802,11911,11903,11798,11886,11704,11754,11748,11777,11735,11745,11757,11848,11764,11871,11735,11688,11618,11721,11681,11661,11741,11575,11776,11582,11632,11590,11627,11771,11670,11526,11550,11640,11700,11588,11654,11556,11627,11618,11630,11616,11573,11658,11535,11491,11641,11569,11492,11468,11472,11510,11458,11406,11502,11424,11463,11396,11531,11430,11556,11419,11544,11483,11400,11453,11511,11534,11546,11457,11453,11504,11334,11554,11343,11420,11412,11446,11363,11362,11318,11316,11375,11176,11187,11242,11299,11179,11152,11198,11255,11252,11227,11314,11173,11340,11413,11304,11267,11275,11250,11200,11270,11323,11214,11275,11183,11159,11157,11263,11291,11231,11220,11257,11335,11272,11285,11224,11240,11258,11202,11269,11324,11241,11271,11239,11252,11284,11242,11127,11163,11179,11056,11165,11132,11027,11027,10981,10889,11059,10955,10932,10954,10908,10820,10836,10821,10804,10831,10888,10834,10810,10839,10788,10798,10755,10692,10736,10759,10824,10609,10616,10572,10744,10574,10571,10571,10598,10568,10504,10535,10586,10410,10496,10347,10406,10354,10372,10348,10405,10338,10317,10247,10310,10217,10314,10312,10352,10312,10399,10264,10334,10223,10218,10226,10257,10142,10196,10225,10216,10218,10150,10223,10225,10071,10074,9893,10099,9976,10046,9995,9911,9967,9970,10065,10020,9962,9921,9935,9955,9908,9968,9965,9838,9857,9944,9999,9872,9854,9900,9829,9793,9852,9792,9700,9731,9726,9664,9723,9782,9684,9706,9708,9735,9635,9624,9571,9549,9594,9603,9682,9569,9555,9502,9596,9588,9451,9700,9559,9555,9611,9597,9550,9605,9628,9608,9546,9521,9507,9564,9467,9395,9441,9434,9416,9473,9352,9369,9243,9462,9451,9397,9348,9341,9349,9436,9395,9384,9380,9327,9343,9413,9413,9358,9336,9428,9380,9422,9454,9304,9397,9330,9306,9238,9329,9345,9235,9351,9235,9342,9265,9298,9296,9275,9252,9228,9123,9251,9195,9240,9275,9166,9233,9171,9187,9199,9167,9169,9156,9185,9175,9173,9194,9211,9118,9094,9217,9193,9134,9210,9106,9183,9037,9081,9020,9000,9045,8971,8935,9045,9023,9037,8891,8992,8985,8924,8938,8911,8949,8848,8909,8977,8876,8989,8860,8866,8867,8910,9009,8875,8926,8849,8935,8895,9001,8962,8820,8868,8796,8860,8808,8839,8813,8881,8725,8666,8718,8718,8667,8616,8635,8616,8562,8592,8566,8587,8553,8603,8557,8629,8640,8519,8617,8557,8592,8544,8606,8570,8577,8535,8538,8603,8475,8548,8548,8471,8483,8451,8473,8494,8565,8460,8376,8401,8341,8330,8364,8309,8359,8291,8267,8280,8274,8256,8280,8340,8330,8306,8363,8225,8333,8306,8387,8353,8312,8332,8313,8395,8388,8418,8386,8410,8347,8344,8422,8300,8307,8384,8351,8331,8295,8387,8325,8252,8197,8155,8235,8196,8275,8245,8185,8108,8134,8081,8098,8127,8222,8151,8151,8164,8105,8153,8146,8143,8244,8133,8152,8159,8123,8306,8178,8139,8233,8103,8218,8188,8088,8217,8227,8195,8035,8114,8120,8160,8133,8088,8061,7967,8031,8013,8016,7907,7925,7991,7987,7892,7854,7923,7921,7798,7738,7807,7778,7840,7765,7761,7825,7841,7836,7829,7829,7849,7826,7743,7735,7788,7740,7700,7775,7797,7719,7697,7815,7785,7743,7701,7697,7594,7669,7672,7645,7520,7579,7580,7571,7477,7507,7566,7426,7451,7461,7535,7402,7419,7336,7339,7349,7362,7424,7456,7426,7401,7487,7360,7476,7484,7490,7415,7492,7498,7389,7513,7478,7419,7432,7335,7386,7323,7409,7444,7419,7370,7346,7385,7346,7368,7414,7308,7375,7308,7254,7271,7233,7267,7221,7180,7235,7248,7222,7189,7229,7241,7214,7132,7123,7137,7075,7146,7196,7108,7091,7195,7131,7137,7222,7138,7143,7193,7191,7163,7266,7248,7209,7328,7126,7262,7263,7207,7157,7173,7110,7265,7252,7187,7161,7228,7245,7135,7135,7143,7130,7216,7055,7050,7006,6988,7108,7029,7008,6975,7019,7024,7002,7011,7050,6934,7014,6956,6855,7004,6903,6963,6975,6968,6905,6956,7009,6958,6931,6946,6918,6984,6941,6923,6935,6887,6953,6975,7015,7000,7009,6929,6945,6952,6899,6950,6868,6903,6896,6806,6854,6863,6798,6811,6836,6808,6860,6742,6707,6699,6695,6712,6592,6610,6599,6677,6640,6742,6646,6630,6541,6582,6640,6606,6500,6564
11578,11644,11769,11600,11568,11551,11600,11687,11614,11626,11570,11637,11728,11639,11583,11658,11608,11710,11628,11605,11638,11594,11622,11515,11642,11570,11501,11505,11485,11524,11621,11447,11570,11457,11523,11444,11482,11450,11360,11390,11425,11448,11443,11320,11409,11293,11476,11347,11501,11434,11452,11373,11462,11393,11504,11499,11449,11431,11430,11482,11456,11311,11439,11492,11467,11535,11387,11357,11365,11484,11462,11311,11232,11307,11303,11356,11219,11305,11211,11395,11299,11143,11217,11209,11142,11250,11213,11126,11302,11251,11181,11170,11177,11165,11214,11193,11119,11187,11224,11111,11163,11119,11171,11135,11094,11127,11203,11204,11191,11261,11114,11081,11076,11148,11130,11203,11066,11126,11004,11035,11048,11018,10900,11029,10945,11024,10979,11058,10947,11002,10875,10973,10909,10785,10885,10884,10887,10863,10912,10873,10851,10857,10827,10840,10838,10744,10791,10771,10735,10821,10783,10660,10731,10837,10674,10671,10805,10788,10739,10773,10747,10769,10733,10779,10717,10732,10763,10681,10651,10774,10578,10719,10792,10676,10706,10696,10681,10658,10597,10618,10654,10613,10589,10598,10598,10658,10576,10519,10579,10564,10623,10476,10541,10571,10490,10482,10554,10546,10345,10483,10499,10553,10465,10386,10540,10395,10539,10503,10458,10361,10431,10378,10440,10499,10375,10385,10353,10497,10521,10502,10429,10430,10448,10412,10366,10402,10390,10438,10349,10410,10332,10310,10337,10356,10376,10389,10313,10364,10316,10343,10196,10325,10302,10272,10274,10221,10273,10249,10226,10247,10125,10284,10201,10159,10104,10196,10156,10103,10167,10103,10134,10103,9960,10125,10119,10057,10118,10156,10114,10068,9943,10039,9955,9917,10021,9977,9975,10004,9922,10003,9924,9966,9921,9905,9905,9914,9901,9819,9931,9913,9910,9871,9758,9911,9924,9839,9814,9813,9836,9927,9815,9793,9827,9867,9810,9787,9809,9809,9826,9789,9766,9749,9817,9756,9674,9709,9693,9684,9693,9747,9701,9651,9665,9638,9627,9602,9550,9619,9617,9522,9544,9525,9504,9539,9574,9485,9521,9451,9570,9499,9449,9462,9458,9393,9401,9456,9463,9464,9383,9406,9347,9329,9413,9379,9354,9344,9406,9397,9389,9364,9353,9394,9396,9402,9425,9301,9395,9358,9266,9371,9293,9288,9280,9253,9296,9324,9236,9255,9212,9246,9341,9255,9144,9278,9165,9180,9199,9182,9271,9172,9268,9210,9081,9159,9105,9263,9193,9152,9217,9188,9261,9086,9106,9150,9145,9112,9108,9111,9182,9099,9115,9124,9140,9158,9140,9103,9161,9248,9200,9046,9121,9126,9191,9169,9146,9187,9150,9142,9246,9237,9081,9187,9233,9139,9205,9197,9195,9174,9239,9161,9164,9255,9259,9152,9181,9153,9136,9185,9151,9201,9166,9193,9185,9093,9080,9159,9167,9159,9129,9143,9137,9103,9176,9118,9121,9121,9053,9109,9099,9058,9132,9101,9125,8996,9058,9062,8955,9043,9088,9071,8959,9058,9051,9109,9091,9076,9069,9051,9070,9088,9101,9074,9168,9111,9055,9068,9120,9097,9083,9093,8992,8986,9007,8859,8918,8970,8846,8870,8879,8887,8757,8855,8889,8913,8816,8703,8803,8720,8729,8644,8648,8705,8629,8609,8581,8641,8563,8577,8647,8538,8517,8479,8527,8559,8485,8384,8457,8390,8439,8403,8394,8427,8330,8389,8297,8357,8343,8346,8232,8279,8250,8283,8332,8292,8292,8187,8114,8171,8188,8231,8186,8085,8138,8147,8128,8061,8146,8064,8144,8057,8032,8066,7999,8098,8032,7977,8053,7980,7937,7962,7995,7881,7921,7855,7890,7911,7932,7839,7874,7787,7938,7885,7898,7864,7771,7894,7786,7904,7770,7858,7836,7881,7818,7784,7834,7835,7771,7835,7785,7764,7839,7857,7837,7830,7704,7701,7842,7791,7730,7760,7735,7756,7717,7704,7779,7797,7715,7792,7721,7722,7715,7762,7607,7690,7719,7707,7663,7644,7562,7633,7685,7602,7666,7636,7585,7639,7597,7508,7635,7547,7612,7588,7613,7565,7553,7634,7569,7538,7560,7461,7452,7536,7505,7495,7458,7409,7499,7447,7521,7542,7382,7440,7422,7395,7393,7452,7418,7465,7407,7480,7460,7421,7447,7408,7401,7294,7383,7419,7411,7331,7399,7344,7314,7307,7297,7325,7284,7382,7276,7321,7278,7286,7288,7250,7401,7279,7314,7227,7210,7321,7257,7361,7299,7291,7274,7366,7292,7256,7193,7276,7275,7236,7150,7224,7242,7255,7224,7177,7239,7271,7213,7169,7190,7182,7172,7225,7219,7188,7175,7182,7166,7148,7177,7243,7220,7164,7226,7136,7120,7188,7210,7144,7150,7143,7190,7128,7115,7156,7129,7211,7147,7135,7001,7158,7037,7087,7095,7146,7078,7043,7046,7044,7031,7017,7011,7081,7007,6918,7038,6955,6959,7004,6977,6962,6914,6956,7030,7041,6975,6877,6954,6944,6875,6887,6890,6884,6928,6927,6903,6916,6903,6920,6820,6846,6888,6861,6820,6891,6881,6910,6873,6814,6818,6806,6858,6916,6801,6848,6877,6824,6847,6826,6846,6748,6829,6825,6766,6760,6781,6792,6776,6680,6761,6766,6735,6787,6782,6683,6709,6796,6747,6771,6647,6658,6720,6774,6713,6656,6597,6743,6629,6656,6611,6673,6622,6616,6625,6644,6632,6617,6573,6615,6565,6583,6598,6541,6570,6522,6581,6560,6487,6560,6550,6498,6529,6491,6533,6546,6497,6492,6494,6401,6428,6425,6480,6468,6500,6408,6393,6423,6404,6398,6455,6435,6391,6377,6383,6378,6399,6375,6428,6331,6331,6350,6309,6302,6396,6336,6245,6336,6281,6296,6190,6313,6352,6287,6290,6220,6251,6263,6319,6285,6231,6318,6234,6215,6273,6209,6220,6238,6271,6237,6253,6255,6158,6169,6245,6141,6252,6164,6182,6155,6236,6183,6127,6190,6157,6106,6214,6131,6116,6092,6117,6086,6058,6128,6105,6123,6041,6020,6146,6125,6116,6093,6084,6104,6081,6041,6043,6045,6074,6064,6059,6018,6047,6067,6096,5994,5943,6049,6037,6023,5950,5942,5990,5906,5927,6013,5936,5952,5859,5949,5920,5959,5928,5954,5904,5942,5907,5903,5875,5857,5865,5882,5870,5833,5851,5841,5849,5821,5760,5881,5887,5818,5795,5797,5775,5769,5757,5799,5775,5740,5755,5763,5692,5706,5764,5760,5741,5704,5712,5695,5630,5643,5683,5679,5724,5671,5676,5646,5598,5669,5686,5601,5644,5662,5631,5540,5556,5510,5576,5624,5634,5644,5590,5608,5489,5493,5550,5488,5475,5512,5475,5459,5479,5440,5432,5470,5487,5471,5449,5424,5413,5455,5388,5440,5397,5380,5442,5394,5344,5330,5386,5333,5343,5360,5295,5266,5282,5299,5285,5302,5343,5288,5240,5235,5299,5275,5239,5317,5256,5211,5164,5216,5176,5213,5232,5121,5117,5166,5170,5116,5173,5175,5157,5099,5087,5114,5100,5088,5125,5122,5147,5079,5132,5035,5096,5012,4971,5042,4992,5005,5056,5032,4997,4982,4993,4995,5019,4934,4971,4947,4963,4987,4876,4933,4915,4947,4894,4928,4941,4860,4879,4907,4930,4894,4926,4932,4857,4932,4868,4825,4855,4875,4830,4816,4807,4824,4801,4825,4789,4825,4796,4795,4761,4758,4837,4753,4783,4777,4733,4790,4771,4713,4725,4781,4763,4730,4715,4696,4728,4784,4736,4768,4690,4740,4667,4684,4693,4758,4694,4688,4621,4607,4641,4659,4628,4667,4586,4603,4523,4585,4570,4624,4576,4625,4648,4561,4613,4540,4500,4536,4570,4574,4562,4490,4471,4511,4516,4528,4546,4470,4510,4575,4465,4442,4479,4466,4491,4532,4482,4483,4495,4450,4439,4396,4461,4439,4440,4504,4420,4423,4430,4468,4412,4426,4466,4417,4358,4343,4408,4355,4361,4339,4324,4283,4342,4276,4371,4336,4340,4288,4331,4321,4357,4325,4322,4378,4300,4356,4344,4344,4307,4302,4295,4295,4315,4250,4336,4249,4276,4272,4283,4313,4301,4244,4274,4209,4227,4275,4268,4259,4253,4237,4211,4227,4190,4240,4196,4292,4196,4244,4243,4255,4193,4226,4192,4160,4202,4148,4155,4188,4118,4111,4096,4198,4180,4084,4098,4118,4135,4175,4139,4141,4123,4137,4093,4116,4108,4089,4105,4111,4132,4105,4118,4124,4071,4089,4104,4093,4092,4066,4085,4016,4042,4063,3969,3955,4043,3998,4015,4007,4046,4020,3976,4026,4006,4009,4003,4038,3989,3962,3977,4027,3975,3994,4002,3968,3930,3930,3961,3918,3953,3935,3944,3974,3970,3991,3959,3883,3919,3923,3909,3931,3911,3903,3911,3934,3890,3933,3904,3910,3911,3859,3926,3881,3890,3859,3894,3899,3917,3877,3935,3831,3850,3878,3878,3843,3867,3849,3858,3865,3861,3784,3809,3837,3814,3831,3871,3874,3826,3876,3825,3850,3821,3837,3831,3809,3820,3846,3834,3827,3775,3817,3794,3829,3820,3833,3791,3786,3810,3796,3796,3733,3825,3797,3773,3748,3799,3835,3757,3776,3810,3744,3799,3815,3776,3754,3803,3758,3762,3727,3730,3775,3705,3740,3721,3715,3702,3732,3728,3700,3699,3702,3681,3660,3689,3685,3730,3664,3695,3704,3675,3686,3662,3654,3705,3696,3707,3659,3639,3649,3663,3641,3625,3653,3677,3648,3673,3659,3603,3636,3608,3624,3647,3598,3634,3624,3585,3607,3600,3550,3561,3574,3596,3596,3616,3594,3526,3541,3537,3525,3565,3598,3589,3585,3568,3540,3510,3544,3558,3592,3540,3552,3549,3541,3465,3500,3528,3500,3514,3481,3464,3548,3456,3526,3440,3528,3507,3478,3473,3488,3464,3489,3486,3522,3513,3538,3478,3445,3498,3516,3434,3540,3521,3489,3458,3500,3485,3499,3462,3488,3438,3477,3460,3490,3414,3408,3445,3462,3448,3406,3402,3467,3429,3431,3431,3399,3455,3456,3443,3437,3430,3397,3417,3442,3443,3411,3458,3379,3461,3408,3433,3425,3373,3439,3403,3350,3365,3355,3362,3366,3384,3375,3369,3349,3354,3363,3349,3335,3368,3331,3355,3318,3299,3374,3320,3392,3370,3407,3311,3331,3338,3346,3363,3359,3355,3324,3329,3315,3283,3309,3306,3339,3324,3283,3276,3303,3297,3293,3310,3319,3250,3249,3217,3248,3218,3277,3227,3252,3235,3219,3231,3220,3221,3240,3220,3222,3208,3247,3188,3244,3263,3230,3195,3212,3174,3199,3219,3236,3206,3207,3203,3223,3202,3200,3185,3193,3214,3171,3157,3154,3128,3159,3132,3156,3130,3177,3173,3158,3123,3151,3186,3130,3110,3109,3148,3142,3125,3148,3148,3164,3136,3163,3139,3192,3160,3161,3160,3165,3166,3138,3143,3153,3157,3099,3094,3135,3147,3092,3118,3098,3098,3086,3103,3063,3055,3109,3055,3091,3098,3092,3037,3101,3066,3094,3109,3068,3079,3068,3083,3056,3096,3098,3051,3118,3133,3054,3065,3075,3060,3073,3048,3080,3066,3063,3077,3075,3078,3074,3024,3027,3037,3061,3065,3022,3056,3044,3007,3035,2996,3020,2989,3004,3018,2986,2987,2983,3005,2979,2985,3009,2948,2976,2945,2988,2986,2987,3024,2987,2997,2998,2985,3010,2928,2980,3016,2971,2982,3000,2973,2954,2998,2984,2963,2873,2957,2880,2945,2864,2942,2863,2895,2930,2917,2894,2929,2862,2889,2883,2930,2850,2883,2865,2895,2898,2876,2919,2916,2930,2888,2946,2870,2898,2868,2877,2897,2896,2903,2912,2884,2929,2847,2893,2872,2885,2886,2888,2891,2885,2903,2875,2886,2860,2867,2856,2853,2869,2865,2824,2825,2813,2858,2845,2839,2825,2829,2803,2796,2848,2819,2847,2847,2818,2805,2843,2799,2811,2829,2799,2804,2864,2838,2862,2865,2822,2823,2817,2806,2843,2817,2854,2859,2832,2872,2850,2838,2820,2851,2791,2840,2849,2832,2808,2855,2794,2808,2784,2817,2777,2784,2776,2785,2778,2750,2756,2772,2800,2742,2804,2744,2755,2751,2770,2755,2753,2738,2757,2776,2743,2796,2732,2771,2794,2738,2769,2728,2763,2752,2723,2767,2762,2752,2770,2809,2750,2763,2775,2756,2720,2745,2741,2748,2726,2742,2740,2741,2721,2714,2709,2682,2718,2708,2750,2706,2744,2725,2693,2724,2720,2709,2717,2695,2661,2707,2651,2682,2666,2687,2660
23978,23885,23827,23418,23358,23160,23074,23151,22934,22847,22801,22637,22011,22050,21811,21711,21531,21340,21481,21289,21237,21133,20977,20904,21012,20903,20908,20820,20946,20582,20628,20388,20472,20396,20246,20020,19937,20212,19923,20009,19841,19997,19780,19791,19787,19629,19822,19774,19754,19918,20043,19865,20047,19731,19847,19800,19604,19682,19521,19508,19507,19692,19692,19540,19553,19369,19216,19339,19338,19397,19383,19190,19220,19043,19172,19024,19053,19015,19031,19087,19003,18778,18778,18966,19015,18937,18853,18843,18775,18850,18774,18818,18792,18865,18923,18692,18880,18835,18606,18914,18877,18761,18727,18723,18880,18880,18683,18867,18726,18895,18958,18772,18802,18880,19011,19088,18953,18963,18951,18947,18872,18838,18972,18739,18755,18845,18792,18661,18726,18705,18714,18657,18542,18627,18591,18735,18421,18577,18691,18679,18395,18479,18659,18455,18657,18523,18602,18630,18615,18635,18803,18573,18676,18612,18639,18680,18690,18808,18622,18552,18829,18699,18874,18790,18798,18855,18876,18749,18815,18799,18785,18864,18954,18936,18832,18772,18798,18763,18658,18736,18667,18754,18853,18821,18769,18739,18742,18715,18885,18873,18662,18780,18656,18778,18834,18918,18863,18885,18789,18725,18784,18736,18693,18811,18833,18659,18751,18793,18917,18780,18825,18935,18752,18829,18887,18733,18833,18819,18877,18775,18816,18840,18940,18898,18917,18746,18798,18758,18749,19018,18755,18867,18773,18889,18946,18691,18771,18944,18823,18994,18817,18794,18968,18889,18763,18947,18945,18809,18866,18769,18848,18853,18828,18801,18831,18804,18693,18835,18842,18725,18720,18795,18640,18591,18662,18522,18636,18650,18698,18633,18579,18716,18323,18361,18447,18514,18388,18401,18532,18459,18379,18412,18432,18477,18274,18488,18465,18601,18409,18396,18384,18517,18414,18345,18484,18378,18348,18402,18238,18350,18208,18359,18323,18407,18262,18351,18341,18320,18210,18169,18318,18324,18097,18250,18216,18155,18099,18241,18232,18170,18268,18230,18045,18222,17974,18165,18058,18190,18129,18156,18147,18040,18078,18134,18223,18138,18049,18114,18134,17976,17973,18019,17997,18101,18104,17965,18075,18088,17978,18037,18162,17965,17991,18015,18064,17918,18115,18004,18088,17863,18052,17971,17978,17940,18014,17975,17952,18005,18152,18031,18027,17882,17863,17988,18144,18036,17934,17936,18001,17925,17941,17794,17937,17993,17976,17877,17859,17916,17732,17813,17883,17813,17987,17852,17838,17804,17849,17916,17812,17845,17941,17668,17789,17727,17780,17737,17653,17692,17659,17733,17762,17795,17664,17829,17667,17580,17618,17858,17677,17539,17708,17614,17595,17549,17688,17668,17686,17696,17674,17652,17641,17688,17774,17678,17667,17717,17783,17674,17656,17740,17698,17482,17741,17560,17680,17601,17568,17831,17632,17691,17601,17596,17637,17617,17687,17549,17681,17727,17614,17743,17686,17787,17651,17576,17603,17672,17584,17570,17639,17494,17667,17583,17596,17621,17420,17508,17563,17362,17575,17552,17595,17443,17376,17516,17556,17443,17376,17286,17489,17372,17438,17437,17474,17303,17431,17359,17363,17346,17238,17342,17327,17279,17264,17305,17289,17231,17280,17358,17383,17158,17233,17227,17134,17261,17098,17161,17248,17150,17086,17312,17225,17122,17319,17108,16951,17316,17208,17104,17033,17228,17297,17233,17235,17248,17267,17175,17128,17074,17216,17229,17126,17127,17249,17193,17189,17104,17136,17235,16955,17070,17068,17180,17037,17126,17056,17067,16984,16937,17155,17128,17018,17124,17099,17210,17078,17154,17064,17143,17010,17092,17049,16958,17088,17009,16802,16960,16843,17021,16958,16918,16869,16948,16992,17119,17050,17017,16953,16874,16977,16797,16906,16742,16760,16861,16881,16916,16856,16911,16628,16825,16704,16802,16845,16727,16790,16794,16561,16882,16738,16789,16699,16668,16666,16697,16889,16729,16834,16708,16719,16657,16698,16722,16718,16848,16579,16757,16835,16648,16700,16638,16770,16788,16710,16735,16681,16623,16710,16680,16645,16557,16725,16591,16715,16633,16514,16633,16496,16576,16540,16640,16512,16605,16513,16492,16667,16544,16491,16444,16543,16604,16602,16671,16632,16569,16593,16466,16510,16418,16471,16394,16408,16336,16305,16288,16436,16229,16194,16346,16212,16299,16248,16262,16205,16237,16160,16304,16215,16209,16112,16183,16045,16015,16073,16086,16107,15948,16111,16011,16024,16088,16048,15953,15989,15998,16123,15990,15975,15976,15935,15913,15876,15970,15903,15794,15807,15971,15840,15778,15820,15992,15982,15922,15953,16103,16069,16125,16075,16134,16055,16059,16078,15965,15789,15930,15845,15823,15774,15763,15791,15625,15727,15766,15802,15802,15700,15801,15795,15713,15924,15811,15768,15750,15819,15785,15803,15710,15802,15784,15722,15836,15714,15769,15541,15744,15674,15606,15580,15603,15590,15658,15518,15586,15498,15471,15510,15483,15513,15414,15365,15489,15580,15544,15470,15394,15479,15548,15453,15447,15435,15411,15318,15372,15267,15378,15485,15366,15488,15416,15406,15307,15280,15295,15407,15291,15374,15483,15257,15236,15227,15276,15281,15284,15248,15142,15253,15256,15241,15341,15342,15303,15212,15144,15296,15154,15239,15196,15236,15094,15060,15188,15141,15188,15145,15038,15191,15062,15073,15072,15045,15051,15057,15103,14941,15078,15080,15071,15072,15169,14987,15048,14979,15094,14888,15059,15072,14914,14804,14795,15008,14593,14811,15009,14741,14792,14784,14794,14765,14646,14781,14828,14767,14691,14709,14777,14660,14652,14717,14714,14716,14649,14713,14643,14616,14609,14646,14662,14664,14643,14469,14517,14624,14518,14557,14573,14570,14567,14455,14557,14507,14490,14462,14406,14521,14470,14447,14369,14484,14514,14411,14393,14381,14469,14548,14387,14454,14356,14460,14488,14546,14460,14369,14474,14568,14588,14477,14558,14494,14503,14562,14618,14503,14439,14551,14599,14609,14541,14485,14489,14499,14505,14354,14486,14351,14478,14522,14535,14536,14464,14575,14392,14437,14694,14506,14360,14536,14450,14513,14600,14433,14595,14524,14630,14570,14556,14556,14521,14614,14624,14659,14488,14512,14492,14582,14487,14506,14497,14493,14623,14417,14543,14554,14492,14427,14428,14403,14547,14400,14483,14477,14317,14312,14445,14364,14455,14422,14411,14245,14188,14365,14335,14226,14231,14273,14246,14286,14227,14211,14289,14164,14360,14281,14303,14202,14324,14229,14233,14139,14220,14287,14209,14288,14146,14225,14223,14179,14164,14167,14077,14100,14022,14007,14037,13946,14044,14000,13953,14090,13946,14047,13980,14075,14074,14008,14108,13892,13991,13924,14036,13981,13733,13936,13882,13940,13967,13831,13778,13775,13890,13765,13792,13748,13811,13790,13697,13732,13739,13768,13590,13778,13655,13713,13694,13729,13622,13547,13566,13575,13561,13585,13448,13514,13335,13258,13447,13449,13408,13338,13485,13363,13279,13244,13283,13241,13244,13167,13262,13363,13151,13186,13219,13192,13214,13222,13109,13218,13151,13155,13118,13076,13034,13085,13046,13071,13025,13046,12942,13107,13042,12870,12981,12969,13002,12967,12933,12985,12914,12905,12933,12930,12877,12959,12997,12941,13044,12923,12907,12950,12865,12895,12844,12953,12917,12876,12919,12831,12920,12892,13008,12864,12989,12818,12822,12904,13131,12782,12877,12822,12779,12907,12942,12889,12925,12950,12975,13142,13089,13015,13001,13067,13100,12992,12812,12841,13163,13031,12933,13186,12982,12940,12968,12879,12802,12908,12902,12825,12860,12904,12909,12788,12829,12873,12691,12735,12687,12691,12656,12640,12657,12556,12576,12508,12401,12523,12380,12399,12294,12292,12326,12354,12221,12293,12296,12254,12375,12320,12325,12270,12183,12274,12272,12205,12136,12175,12103,12157,12160,12119,12112,12039,12037,12136,12069,11986,12062,12011,12063,12010,12011,11970,11957,11970,12007,12033,11962,11982,12012,11974,11941,12010,12028,12012,12012,11932,11989,11986,11989,12045,11870,11939,11886,11831,11798,11846,11730,11843,11836,11709,11848,11953,11876,11818,11743,11805,11765,11846,11791,11810,11799,11842,11825,11776,11820,11870,11789,11795,11832,11747,11773,11720,11725,11689,11699,11634,11693,11736,11656,11628,11597,11719,11667,11791,11696,11714,11587,11615,11682,11673,11742,11624,11669,11739,11537,11619,11586,11505,11611,11590,11561,11546,11518,11515,11514,11515,11506,11549,11451,11392,11488,11603,11461,11423,11458,11509,11437,11484,11527,11518,11436,11472,11448,11607,11422,11440,11490,11497,11504,11405,11446,11408,11443,11284,11331,11231,11340,11285,11246,11187,11173,11209,11258,11218,11183,11272,11225,11191,11235,11155,11222,11205,11180,11287,11182,11274,11231,11389,11137,11308,11090,11124,11248,11208,11183,11188,11207,11233,11240,11159,11301,11202,11149,11209,11096,11210,11316,11252,11176,11229,11354,11237,11206,11071,11143,11113,11197,11175,11063,11219,10996,11142,11100,10967,10964,11035,10989,11006,10956,10995,10886,10873,10853,10750,10838,10858,10813,10938,10732,10738,10822,10738,10753,10687,10733,10758,10733,10741,10608,10665,10689,10625,10669,10717,10640,10532,10594,10529,10520,10450,10459,10510,10379,10410,10321,10391,10420,10403,10352,10327,10280,10246,10188,10365,10311,10268,10312,10248,10292,10232,10226,10262,10281,10239,10181,10196,10208,10076,10156,10122,10166,10140,10067,10057,9975,10021,10000,10002,9878,9882,9915,9872,9968,9963,10005,9960,9953,9964,9936,9997,9958,9910,9983,9875,9890,9896,9823,9862,9887,9758,9799,9755,9785,9766,9648,9636,9657,9652,9711,9635,9636,9608,9576,9569,9566,9573,9638,9669,9540,9508,9710,9560,9472,9620,9558,9518,9567,9518,9589,9621,9548,9612,9630,9612,9578,9498,9520,9457,9454,9472,9397,9460,9423,9437,9437,9358,9385,9361,9272,9287,9423,9335,9330,9389,9390,9385,9354,9345,9388,9447,9310,9324,9428,9300,9520,9316,9327,9398,9449,9354,9358,9242,9231,9305,9292,9392,9235,9168,9246,9320,9204,9225,9255,9200,9208,9182,9253,9245,9206,9277,9094,9248,9185,9173,9318,9273,9092,9242,9187,9145,9180,9174,9155,9161,9107,9151,9193,9090,9122,9093,9113,8984,9051,9048,8956,8934,8999,8989,8933,8949,9027,8958,8959,8864,8942,8920,8898,8871,8913,8876,8852,8853,8862,8904,8882,8970,8938,8911,8884,8926,8931,8845,8826,8823,8814,8799,8804,8754,8784,8839,8794,8767,8653,8693,8712,8599,8627,8545,8536,8583,8519,8609,8576,8657,8477,8517,8579,8577,8521,8565,8546,8714,8592,8488,8581,8550,8616,8606,8454,8609,8594,8559,8551,8459,8479,8473,8504,8488,8396,8430,8444,8347,8416,8264,8315,8341,8210,8308,8286,8305,8262,8382,8412,8226,8338,8308,8297,8358,8272,8236,8296,8331,8395,8274,8379,8324,8407,8399,8374,8338,8426,8237,8312,8366,8374,8277,8328,8322,8243,8321,8282,8250,8174,8180,8143,8333,8205,8134,8106,8208,8171,8138,8149,8118,8095,8195,8065,8136,8103,8149,8144,8137,8154,8174,8109,8090,8163,8193,8174,8183,8096,8058,8139,8074,8047,8082,8071,8069,8142,8103,8071,8124,8047,8025,7921,7996,8030,7960,8001,7870,7915,7840,7910,7841,7769,7802,7774,7767,7821,7794,7790,7737,7785,7726,7740,7786,7835,7727,7775,7767,7735,7910,7778,7711,7741,7746,7779,7768,7756,7775,7808,7725,7632,7704,7721,7686,7644,7604,7607,7492,7575,7423,7506,7443,7491,7454,7507,7526,7413,7398,7449,7392,7323,7402,7396,7430,7502,7425,7511,7489,7435,7406,7458,7377,7411,7419,7445,7368,7430,7441,7342,7394,7414,7374,7444,7447,7381,7364,7402,7405,7339,7374,7286,7351,7327,7229,7248,7288,7298,7287,7287,7255,7269,7210,7134,7172,7123,7201,7162,7134,7116,7192,7118,7119,7209,7154,7135,7130,7098,7082,7120,7049,7166,7175,7092,7162,7098,7249,7241,7283,7199,7252,7187,7193,7155,7162,7163,7178,7177,7141,7159,7153,7138,7159,7115,7143,7117,7149,7122,7099,6975,7006,7038,7062,7080,6890,7074,7023,6993,6958,6948,6979,6959,6953,6829,6944,6849,6873,6856,6888,6919,6978,6864,6962,6933,6934,6893,6977,6871,6924,6909,6925,6929,7053,6898,6891,7006,6949,6955,6961,6902,6905,6842,6890,6872,6888,6876,6832,6873,6903,6826,6804,6731,6749,6747,6741,6792,6679,6756,6648,6694,6573,6587,6712,6592,6594,6659,6592,6611,6565,6572,6651,6561
10931,10989,10926,10882,10982,10949,10947,10985,10896,10893,10838,10924,10940,10884,10843,10873,10876,10959,10787,10969,10988,10910,10898,10946,10894,10885,10879,10880,10829,10818,10942,10770,10815,10800,10827,10680,10794,10793,10775,10698,10774,10652,10674,10795,10738,10743,10675,10754,10643,10819,10745,10698,10731,10737,10776,10777,10733,10730,10818,10667,10630,10888,10788,10757,10708,10639,10774,10686,10818,10767,10664,10762,10676,10631,10670,10681,10634,10647,10539,10618,10642,10584,10611,10645,10538,10644,10616,10622,10675,10396,10582,10540,10608,10523,10599,10611,10618,10480,10439,10434,10412,10401,10493,10586,10514,10413,10506,10558,10455,10456,10446,10466,10476,10558,10510,10526,10460,10525,10458,10455,10510,10456,10454,10495,10282,10380,10330,10291,10369,10306,10317,10176,10303,10232,10321,10286,10325,10268,10209,10115,10297,10183,10238,10213,10186,10195,10206,10177,10074,10154,10260,10075,10123,10159,9998,10089,10078,10250,10215,10073,10172,10169,10081,10056,10004,10175,10175,10148,10176,10201,10038,10123,10115,10093,10055,9961,10062,10140,10069,10105,9996,10126,10023,10052,10087,10032,9955,9968,10011,9951,9969,9904,9962,9903,10042,9915,9861,9855,9805,9951,9908,9837,9903,9896,9773,9922,9832,9796,9931,9923,9876,9943,9811,9820,9886,9769,9798,9832,9749,9856,9730,9815,9747,9818,9809,9714,9814,9799,9774,9753,9753,9768,9808,9906,9781,9735,9819,9742,9836,9681,9766,9735,9752,9638,9674,9609,9676,9646,9576,9555,9559,9600,9602,9679,9522,9581,9650,9609,9572,9592,9549,9583,9598,9427,9497,9542,9521,9412,9464,9367,9424,9336,9485,9431,9319,9348,9459,9453,9362,9439,9309,9369,9408,9369,9409,9406,9264,9328,9251,9427,9299,9396,9277,9296,9213,9362,9267,9301,9274,9283,9287,9219,9322,9212,9235,9218,9246,9177,9242,9294,9261,9214,9304,9238,9270,9160,9083,9185,9178,9165,9193,9131,9088,9117,9058,9057,9078,9133,9019,9030,8956,9058,9085,9070,8984,8986,8977,8978,8986,8969,8995,8887,8963,8899,8958,8960,8982,9005,8865,8906,8861,8865,8913,8871,8868,8812,8939,8847,8843,8821,8880,8850,8833,8861,8786,8806,8808,8860,8862,8802,8865,8750,8792,8830,8775,8777,8817,8820,8652,8825,8719,8707,8849,8743,8771,8762,8725,8687,8717,8751,8654,8698,8688,8629,8715,8637,8616,8639,8620,8646,8580,8722,8692,8612,8709,8600,8619,8573,8667,8516,8680,8658,8567,8708,8665,8622,8561,8650,8640,8604,8700,8633,8735,8638,8728,8680,8490,8589,8778,8600,8746,8735,8580,8737,8626,8732,8718,8678,8630,8666,8717,8634,8653,8654,8692,8732,8683,8659,8663,8668,8626,8669,8694,8639,8634,8668,8654,8687,8636,8630,8675,8550,8483,8672,8663,8546,8534,8638,8583,8492,8617,8605,8555,8569,8560,8600,8513,8572,8460,8573,8626,8587,8484,8652,8635,8620,8623,8632,8569,8639,8567,8603,8491,8573,8598,8607,8577,8543,8510,8566,8505,8486,8509,8510,8413,8357,8339,8421,8412,8477,8391,8298,8354,8310,8288,8231,8277,8237,8251,8275,8158,8267,8154,8146,8141,8164,8173,8135,8219,8171,8064,8091,8056,7999,8031,8004,7983,8040,8066,7965,7965,7938,7952,8000,7941,7895,7971,7899,7976,7819,7893,7792,7827,7834,7813,7755,7776,7711,7770,7705,7802,7682,7739,7682,7683,7721,7723,7624,7666,7594,7626,7592,7636,7585,7560,7548,7559,7632,7575,7548,7564,7533,7523,7447,7529,7487,7419,7568,7516,7457,7493,7486,7486,7401,7419,7452,7432,7461,7456,7514,7439,7396,7402,7451,7399,7463,7451,7463,7441,7499,7397,7380,7440,7413,7409,7416,7402,7394,7384,7372,7404,7357,7331,7410,7359,7372,7374,7378,7307,7227,7269,7311,7283,7212,7291,7288,7241,7261,7242,7270,7250,7260,7203,7225,7236,7277,7191,7176,7280,7215,7211,7277,7213,7177,7208,7157,7152,7132,7159,7103,7194,7143,7136,7210,7100,7093,7147,7104,7119,7072,7066,7064,7018,7058,7110,7038,6940,7119,7028,7098,7019,7012,7041,7007,7016,6995,7059,7028,7023,6983,6944,6978,6943,7031,6922,7014,6917,6965,6889,7085,6937,6955,6969,6941,6963,6902,6971,6943,6827,6871,6860,6860,6884,6918,6907,6903,6870,6918,6960,6927,6926,6918,6847,6891,6917,6953,6943,6899,6822,6983,6932,6871,6866,6916,6846,6860,6847,6907,6833,6799,6879,6874,6839,6907,6838,6818,6898,6749,6858,6830,6850,6895,6820,6741,6769,6906,6776,6752,6754,6839,6770,6788,6755,6765,6787,6750,6699,6670,6748,6721,6728,6725,6797,6696,6655,6756,6709,6710,6658,6645,6701,6653,6661,6655,6708,6711,6549,6534,6596,6632,6662,6637,6597,6669,6652,6664,6568,6578,6550,6490,6592,6569,6614,6619,6508,6518,6518,6657,6558,6503,6533,6517,6490,6499,6513,6563,6502,6501,6545,6508,6590,6511,6498,6509,6460,6516,6457,6447,6514,6589,6529,6423,6439,6361,6437,6474,6414,6438,6400,6413,6423,6409,6410,6383,6430,6390,6475,6427,6382,6361,6326,6305,6269,6345,6268,6363,6289,6276,6242,6331,6265,6241,6238,6318,6348,6250,6239,6265,6284,6278,6267,6276,6227,6207,6290,6143,6164,6226,6146,6176,6224,6185,6210,6111,6164,6167,6152,6212,6084,6093,6117,6150,6162,6088,6135,6114,6099,6080,6078,6125,6129,6062,6025,6006,6091,6058,6079,6068,6073,5971,6082,5940,6056,5983,6089,6085,6002,5949,6036,6025,6004,5965,6020,5921,5953,5931,5974,5970,5995,5993,5999,5920,5937,5981,5917,5874,5882,5928,5943,5911,5928,5939,5926,5925,5955,5872,5883,5910,5863,5909,5910,5850,5827,5828,5848,5827,5837,5850,5814,5855,5907,5886,5787,5870,5887,5767,5876,5817,5765,5810,5823,5761,5782,5729,5766,5724,5779,5725,5735,5709,5746,5789,5753,5720,5673,5667,5729,5707,5685,5711,5679,5685,5629,5699,5631,5647,5699,5647,5604,5683,5632,5654,5609,5612,5660,5635,5579,5607,5672,5619,5578,5543,5556,5625,5591,5580,5544,5558,5583,5582,5523,5539,5459,5473,5455,5495,5480,5464,5506,5452,5436,5500,5418,5439,5440,5404,5376,5414,5385,5393,5424,5372,5387,5381,5409,5327,5391,5359,5346,5356,5345,5342,5312,5283,5329,5359,5270,5283,5323,5292,5243,5234,5228,5243,5305,5268,5260,5226,5195,5200,5197,5271,5211,5174,5224,5207,5138,5208,5130,5136,5172,5123,5116,5113,5140,5161,5138,5079,5151,5084,5102,5126,5059,5032,5001,5074,5026,5071,5019,5030,5026,4993,5002,5007,5012,5006,4979,4992,4926,5045,4916,4948,4933,4927,4950,4927,4922,4896,4900,4880,4907,4813,4899,4880,4832,4892,4854,4845,4848,4851,4836,4814,4852,4856,4783,4861,4787,4806,4793,4787,4784,4701,4689,4798,4784,4738,4733,4738,4745,4765,4728,4756,4676,4698,4698,4734,4695,4723,4720,4604,4708,4660,4659,4598,4638,4617,4687,4608,4670,4651,4593,4584,4588,4567,4552,4551,4644,4656,4588,4615,4594,4537,4543,4606,4520,4519,4525,4562,4589,4553,4514,4570,4549,4475,4547,4508,4524,4573,4571,4453,4504,4485,4497,4490,4415,4487,4475,4439,4407,4436,4435,4430,4407,4393,4444,4396,4453,4393,4420,4407,4412,4408,4395,4404,4375,4339,4422,4356,4363,4345,4360,4281,4321,4276,4323,4298,4278,4313,4309,4249,4298,4283,4233,4328,4271,4228,4254,4315,4267,4211,4229,4272,4252,4237,4217,4265,4196,4164,4227,4182,4197,4226,4196,4250,4202,4168,4196,4204,4175,4169,4186,4183,4224,4190,4157,4234,4129,4174,4179,4177,4121,4192,4144,4167,4142,4158,4166,4160,4137,4126,4132,4080,4129,4119,4122,4103,4087,4104,4053,4026,4053,4068,4122,4098,4108,4114,4070,4064,4067,4061,4070,4016,4041,4081,4073,4054,4013,3980,4031,4028,3995,4017,4013,4007,3955,3987,3969,4001,3982,3998,3979,3972,3951,3947,3971,3986,3958,3945,4029,4004,3944,3948,3955,3908,3987,3937,3917,3940,3918,3877,3907,3930,3877,3878,3854,3853,3881,3883,3874,3860,3854,3872,3897,3825,3901,3894,3835,3837,3801,3831,3885,3927,3813,3803,3842,3850,3885,3885,3773,3778,3805,3787,3769,3783,3766,3772,3798,3740,3811,3737,3772,3783,3788,3789,3741,3759,3834,3776,3776,3745,3749,3817,3791,3771,3767,3751,3767,3773,3753,3770,3699,3730,3722,3722,3669,3727,3756,3718,3703,3675,3694,3720,3759,3729,3687,3690,3691,3748,3688,3686,3707,3723,3710,3698,3681,3739,3742,3703,3769,3713,3714,3702,3599,3732,3708,3686,3624,3675,3629,3701,3640,3652,3674,3671,3679,3672,3631,3670,3654,3679,3663,3625,3617,3638,3708,3647,3634,3642,3629,3623,3633,3594,3641,3639,3610,3640,3621,3601,3634,3588,3621,3555,3574,3572,3520,3576,3512,3599,3509,3506,3548,3520,3610,3564,3551,3520,3576,3552,3521,3540,3559,3533,3567,3550,3529,3516,3480,3478,3504,3481,3534,3497,3499,3463,3485,3472,3514,3495,3433,3461,3492,3438,3438,3429,3433,3419,3398,3477,3481,3464,3420,3404,3418,3439,3435,3417,3439,3426,3434,3434,3436,3435,3418,3423,3417,3457,3414,3394,3434,3405,3381,3417,3391,3374,3394,3343,3353,3374,3371,3368,3393,3385,3408,3370,3382,3404,3308,3365,3377,3414,3348,3379,3361,3399,3366,3409,3385,3373,3328,3415,3328,3343,3362,3356,3375,3356,3310,3337,3368,3320,3319,3337,3341,3325,3342,3330,3319,3318,3334,3319,3323,3352,3325,3338,3253,3291,3390,3324,3326,3330,3324,3270,3322,3290,3247,3257,3244,3318,3253,3254,3281,3278,3256,3255,3259,3268,3219,3208,3239,3221,3205,3224,3216,3222,3223,3234,3263,3254,3253,3226,3205,3231,3277,3227,3203,3231,3241,3211,3207,3219,3266,3228,3214,3176,3186,3120,3203,3151,3134,3217,3190,3139,3135,3176,3138,3099,3181,3153,3165,3143,3093,3090,3126,3111,3168,3091,3132,3106,3109,3156,3127,3141,3124,3109,3138,3102,3094,3155,3146,3160,3161,3118,3103,3113,3090,3096,3090,3119,3081,3088,3059,3056,3089,3090,3087,3049,3077,3015,3035,3079,3069,3073,3080,3055,3080,3089,3039,3051,3065,3107,3089,3072,3049,3068,3086,3099,3067,3118,3106,3047,3093,3082,3026,3073,3026,3042,3063,3006,3037,3041,3042,2986,3067,2970,2998,2996,3002,2998,2982,3008,3014,3018,2996,2992,3014,3003,3032,2997,3036,3024,2985,2982,2975,3022,2998,2969,2987,3015,2984,3004,2972,2973,2994,2994,3023,3006,2986,2973,2986,2986,2967,2952,2950,2942,2961,2929,2966,2963,2964,2924,2956,2894,2952,2912,2898,2931,2878,2915,2859,2929,2927,2933,2891,2908,2946,2911,2895,2889,2894,2915,2914,2913,2896,2893,2868,2896,2881,2915,2887,2893,2866,2884,2909,2869,2856,2931,2872,2859,2832,2836,2856,2834,2848,2835,2828,2802,2864,2816,2847,2826,2812,2810,2810,2822,2813,2832,2838,2811,2828,2785,2817,2876,2848,2812,2805,2836,2806,2774,2808,2845,2847,2833,2787,2806,2794,2827,2747,2791,2842,2814,2789,2787,2766,2829,2796,2762,2777,2770,2769,2759,2796,2772,2779,2757,2755,2774,2753,2801,2737,2751,2753,2754,2753,2731,2761,2726,2766,2742,2731,2777,2750,2764,2730,2750,2814,2764,2739,2745,2771,2768,2789,2778,2783,2742,2773,2728,2767,2816,2756,2746,2747,2752,2799,2763,2759,2743,2723,2711,2723,2723,2719,2705,2715,2697,2707,2710,2715,2715,2738,2743,2704,2711,2683,2724,2723,2724,2703,2674,2710,2705,2713,2742,2727,2708,2673,2686,2699,2722,2680,2692,2724,2674,2706,2707,2698,2709,2733,2693,2700,2695,2695,2693,2687,2682,2691,2647,2653,2655,2669,2682,2651,2666,2651,2646,2677,2655,2650,2627,2626,2646,2642,2621,2653,2619,2632,2615,2628,2617,2618,2597
23243,23108,22905,22567,22387,22231,22143,22168,22092,21884,21670,21714,21335,21068,20878,20720,20512,20566,20303,20230,20151,20111,19982,20062,19881,19861,19872,19940,19782,19646,19558,19392,19563,19433,19356,19150,19017,19036,18931,18745,18864,18895,18749,18770,18623,18576,18701,18678,18677,18713,18778,18930,18685,18753,18724,18746,18663,18581,18468,18354,18439,18440,18602,18604,18445,18325,18180,18319,18259,18192,18201,18280,18087,18063,17891,17994,18018,18045,18045,17817,17773,17719,17827,17878,17814,17771,17626,17756,17557,17648,17660,17770,17706,17724,17794,17698,17682,17670,17624,17678,17537,17750,17588,17742,17689,17647,17509,17601,17817,17702,17671,17871,17650,17707,17755,17720,17704,17620,17703,17700,17680,17675,17615,17679,17668,17710,17667,17692,17636,17519,17591,17503,17436,17447,17380,17435,17591,17370,17497,17487,17397,17515,17440,17428,17353,17424,17334,17470,17307,17398,17235,17398,17426,17465,17464,17633,17486,17567,17619,17403,17389,17498,17553,17721,17680,17559,17561,17639,17650,17733,17490,17589,17570,17640,17584,17708,17546,17464,17500,17612,17493,17616,17515,17631,17621,17620,17590,17606,17546,17643,17501,17573,17494,17629,17620,17629,17600,17495,17682,17515,17554,17587,17480,17530,17553,17590,17707,17480,17512,17562,17507,17631,17621,17539,17649,17647,17543,17641,17733,17799,17704,17463,17572,17747,17735,17647,17870,17547,17674,17723,17688,17676,17626,17567,17785,17772,17682,17669,17696,17773,17574,17713,17617,17656,17635,17452,17668,17559,17602,17629,17504,17667,17572,17536,17562,17583,17462,17715,17351,17606,17631,17471,17418,17564,17554,17536,17381,17396,17347,17391,17266,17408,17270,17252,17070,17242,17234,17152,17291,17236,17263,17136,17278,17276,17331,17140,17430,17207,17111,17355,17107,17228,17185,17170,17125,17264,17239,17190,17237,17074,17136,17024,17173,17123,17171,17188,17178,17232,17069,16913,17013,17089,17090,16991,17102,16986,17018,16906,16948,17010,17228,17033,16849,17035,17025,16995,16941,16922,16879,16976,16959,16829,16904,16990,16803,16823,16990,16848,16883,16776,16826,16786,16819,16836,16747,16774,16852,16777,16913,16820,16895,16726,16719,16710,16915,16845,16838,16859,16824,16860,16880,16880,16778,16745,16849,16769,16798,16827,16661,16816,16926,16761,16797,16759,16829,16751,16758,16848,16807,16794,16859,16727,16782,16834,16784,16680,16844,16777,16739,16590,16753,16832,16608,16706,16801,16631,16646,16794,16652,16689,16635,16570,16655,16588,16730,16617,16582,16546,16557,16555,16451,16633,16572,16562,16529,16500,16494,16613,16526,16547,16588,16439,16494,16497,16589,16451,16563,16674,16450,16427,16489,16495,16656,16547,16512,16468,16509,16713,16539,16526,16462,16537,16366,16433,16615,16550,16613,16557,16520,16633,16497,16455,16538,16621,16484,16509,16492,16520,16388,16507,16566,16538,16413,16526,16419,16443,16498,16581,16577,16553,16335,16622,16438,16344,16375,16415,16350,16311,16392,16347,16314,16351,16400,16196,16342,16327,16259,16384,16331,16254,16207,16256,16128,16176,16286,16272,16112,16104,16264,16248,16227,16129,16141,16177,16160,15968,16139,16031,16201,16205,16210,16076,16056,16151,16163,16072,16157,15998,15988,16127,16000,16011,16072,16202,16101,16174,16023,16108,16071,15906,16105,16163,16148,16009,16101,16150,16104,15981,16019,16002,15912,16097,15938,16027,15963,16149,16097,15950,16020,16123,16095,16056,16005,15993,15967,16020,15950,15932,16096,16143,15941,16032,15935,15995,15937,15955,15918,15888,15855,15841,15864,15893,15877,15842,15948,15884,15901,15911,15892,15896,15907,15776,15906,15803,15812,15891,15811,15762,15877,15855,15829,15915,15773,15770,15699,15800,15664,15737,15659,15664,15686,15731,15639,15725,15655,15648,15581,15618,15732,15691,15695,15652,15662,15741,15715,15747,15640,15689,15720,15713,15621,15787,15642,15669,15570,15658,15638,15818,15818,15667,15660,15649,15604,15515,15666,15601,15500,15533,15548,15505,15591,15456,15483,15577,15549,15511,15471,15573,15539,15627,15468,15523,15582,15587,15473,15548,15459,15527,15532,15466,15558,15594,15374,15500,15596,15382,15459,15449,15417,15372,15422,15465,15233,15361,15403,15262,15282,15262,15227,15203,15215,15241,15200,15273,15134,15053,15035,15222,15029,15099,15087,15039,15142,14977,15135,15041,14932,15195,15034,14876,14997,15077,14983,14892,14905,14934,15026,14832,14937,14992,14895,14880,14821,14825,14858,14876,14920,14842,14851,14955,14907,15142,15117,14963,15070,14933,15193,15032,14979,15052,15140,14993,14948,14951,14998,14838,14836,14800,14787,14849,14717,14721,14854,14749,14799,14812,14682,14732,14804,14760,14863,14901,14774,14847,14755,14744,14874,14819,14656,14766,14731,14737,14554,14718,14669,14741,14703,14675,14506,14541,14572,14619,14603,14490,14432,14548,14567,14608,14507,14583,14563,14567,14415,14420,14595,14531,14531,14459,14459,14425,14504,14462,14431,14350,14341,14421,14402,14482,14474,14379,14333,14416,14363,14361,14391,14233,14276,14274,14380,14386,14268,14231,14280,14391,14320,14268,14212,14181,14247,14504,14323,14250,14281,14204,14324,14258,14241,14216,14238,14136,14167,14150,14189,14162,14205,14145,14257,14259,14131,14191,14132,14190,14228,14259,14116,14088,14184,14172,14121,14065,14099,14086,14066,14096,13948,14003,13811,13886,13975,13814,13970,13860,13838,13810,13843,13883,13805,13827,13854,13738,13833,13871,13869,13819,13818,13822,13827,13835,13799,13815,13770,13827,13815,13739,13595,13739,13594,13694,13703,13712,13562,13728,13626,13698,13590,13551,13762,13638,13534,13596,13646,13593,13495,13600,13526,13536,13443,13469,13479,13604,13510,13604,13527,13619,13363,13575,13537,13571,13484,13598,13532,13553,13595,13588,13611,13617,13622,13642,13490,13612,13629,13633,13497,13657,13538,13483,13598,13532,13566,13645,13541,13521,13665,13609,13623,13589,13607,13570,13575,13644,13604,13713,13663,13669,13658,13717,13577,13679,13658,13645,13571,13627,13651,13706,13699,13767,13726,13772,13640,13799,13537,13585,13648,13693,13689,13582,13685,13580,13627,13659,13683,13584,13599,13671,13648,13545,13426,13585,13503,13495,13595,13657,13433,13574,13462,13575,13468,13437,13447,13364,13287,13379,13418,13304,13353,13464,13248,13362,13324,13326,13358,13341,13485,13387,13333,13340,13384,13429,13350,13421,13344,13455,13318,13456,13235,13237,13242,13283,13253,13162,13140,13074,13122,13131,13184,13190,13110,13210,13138,13034,13190,13152,13202,13152,13210,13033,13162,13027,13196,13091,13018,12931,12918,13093,13042,12978,12989,12945,12974,12943,12969,13051,12902,12934,12873,12862,12980,12871,12929,12826,12860,12817,12732,12834,12773,12755,12707,12683,12604,12662,12593,12807,12670,12505,12625,12531,12592,12536,12534,12426,12455,12384,12441,12392,12321,12443,12401,12454,12385,12541,12430,12382,12378,12498,12369,12387,12336,12421,12270,12334,12290,12213,12371,12183,12189,12238,12245,12314,12125,12156,12247,12258,12236,12195,12257,12224,12192,12197,12229,12120,12203,12239,12258,12202,12100,12183,12143,12208,12135,12089,12217,11982,12104,12035,12081,12162,12076,12079,12062,12156,12167,12147,11938,12026,11907,12119,12154,12168,12259,12069,12097,12205,12243,12215,12194,12335,12263,12193,12215,12176,12180,12272,12230,12312,12271,12190,12309,12144,12142,12184,12219,12090,12070,12186,12024,12079,12123,12086,12099,12136,12082,12016,11952,11902,11984,11908,11852,11827,11776,11799,11692,11765,11720,11701,11627,11559,11671,11540,11507,11580,11577,11545,11575,11540,11516,11549,11580,11387,11468,11583,11504,11389,11463,11412,11481,11453,11487,11450,11341,11322,11373,11387,11354,11288,11326,11371,11200,11283,11289,11250,11416,11313,11212,11303,11214,11338,11190,11303,11305,11462,11283,11274,11223,11242,11152,11260,11218,11156,11189,11194,11163,11163,11137,11176,11129,11172,11084,11104,11035,11108,11252,11156,11073,11134,11148,11132,11184,11090,11069,11064,11137,11092,11080,11105,11152,11102,11131,11066,11092,11071,11016,11094,10999,11002,10969,10852,11027,11081,11002,10956,10936,10852,11072,10983,10940,10934,10925,11093,10966,10981,10958,11042,10891,10966,10975,10947,10957,10920,10937,10964,10894,10793,10860,10825,10916,10814,10770,10797,10771,10834,10802,10796,10808,10849,10705,10831,10845,10757,10779,10828,10849,10837,10814,10754,10782,10821,10816,10763,10714,10666,10630,10762,10679,10747,10643,10642,10574,10551,10610,10622,10650,10616,10499,10494,10617,10531,10672,10488,10456,10523,10652,10618,10525,10452,10571,10485,10624,10561,10570,10605,10530,10512,10382,10470,10604,10610,10578,10490,10520,10571,10525,10576,10495,10581,10543,10575,10713,10660,10522,10609,10548,10469,10520,10533,10475,10474,10488,10450,10427,10406,10285,10400,10272,10425,10339,10287,10283,10255,10254,10254,10206,10252,10167,10252,10192,10085,10246,10032,10231,10156,10109,10190,10030,10081,10104,10100,10148,10070,10072,10109,10062,9932,10071,9829,9920,9932,9940,9795,9764,9726,9772,9788,9763,9777,9705,9641,9800,9603,9696,9635,9654,9670,9669,9777,9763,9680,9796,9655,9639,9705,9631,9549,9662,9671,9642,9517,9529,9487,9532,9547,9546,9458,9413,9455,9365,9311,9511,9452,9348,9432,9366,9385,9437,9340,9342,9346,9455,9365,9346,9384,9303,9311,9345,9293,9225,9342,9267,9214,9257,9204,9211,9185,9105,9232,9150,9217,9149,9130,9058,9198,9075,8989,9082,9066,9137,8985,9037,9071,9101,8986,9078,9111,9017,9060,9006,9032,8972,9072,9012,9003,9056,9048,9011,9014,8931,8948,8892,9004,8879,8856,8856,8960,8869,8860,8883,8796,8940,8902,8804,8916,8845,8781,8827,8895,8876,8974,8950,8835,8834,8794,8817,8855,8752,8885,8946,8805,8909,8794,8896,8827,8745,8796,8804,8745,8768,8717,8710,8632,8744,8711,8668,8659,8649,8646,8731,8675,8642,8740,8675,8711,8633,8598,8766,8641,8686,8721,8675,8657,8761,8644,8719,8611,8655,8655,8582,8616,8639,8580,8524,8542,8614,8535,8527,8525,8398,8445,8468,8420,8507,8462,8473,8385,8383,8382,8454,8463,8478,8368,8431,8396,8380,8428,8471,8420,8517,8512,8353,8403,8316,8363,8325,8319,8439,8290,8320,8290,8402,8277,8297,8277,8158,8244,8164,8069,8037,8127,8125,8166,8127,8154,8175,8052,8081,8152,8145,8092,8090,8160,8067,8114,8063,8129,8121,8102,8041,8095,8079,8057,8127,8089,8013,7958,7947,7984,8043,8009,7941,7921,7899,7934,7875,7850,7904,7845,7847,7895,7796,7853,7749,7849,7887,7890,7837,7746,7868,7869,7901,7837,7907,7841,7925,7858,7856,7888,7907,7866,7950,7931,7922,7861,7919,7872,7796,7877,7858,7883,7826,7851,7813,7727,7774,7764,7802,7778,7771,7775,7692,7643,7717,7707,7659,7742,7671,7708,7646,7668,7739,7655,7697,7738,7679,7637,7624,7753,7666,7714,7802,7717,7659,7712,7758,7681,7643,7674,7669,7616,7702,7637,7645,7657,7615,7528,7545,7502,7479,7523,7502,7577,7439,7447,7489,7498,7417,7303,7451,7378,7307,7325,7354,7376,7390,7437,7386,7330,7469,7303,7426,7322,7380,7364,7361,7390,7368,7319,7302,7343,7364,7307,7277,7325,7333,7297,7265,7326,7169,7211,7175,7112,7037,7142,7111,7088,7122,7081,7054,7067,6984,7061,7028,6954,6954,7059,7083,7113,7022,7051,7101,7107,7081,7053,7068,7025,7075,7033,7048,7030,7061,7086,7022,6999,7024,7084,6989,7000,6986,6980,6937,6967,7042,6993,6941,6950,6927,6931,6923,6888,6876,6852,6873,6819,6786,6786,6841,6834,6755,6798,6801,6780,6729,6714,6817,6815,6770,6815,6795,6871,6767,6759,6827,6822,6786,6817,6799,6845,6890,6905,6845,6867,6786,6850,6842,6817,6809,6763,6854,6803,6824,6852,6823,6753,6827,6808,6760,6710,6793,6778,6779,6637,6669,6674,6644,6689,6643,6634,6609,6629,6626,6628,6589,6612,6574,6656,6495,6611,6599,6567,6572,6569,6668,6567,6540,6584,6580,6554,6494,6601,6599,6593,6557,6572,6527,6634,6614,6619,6565,6618,6598,6520,6557,6601,6584,6588,6526,6530,6544,6527,6521,6518,6454,6488,6457,6462,6443,6457,6370,6318,6378,6368,6373,6373,6349,6297,6322,6343,6333,6315,6315,6266,6203,6268
